10,34.07266330718994,0.5
20,72.22495436668396,0.35
30,107.74494338035583,0.26666666666666666
40,146.91375350952148,0.25
50,176.17033410072327,0.2
60,254.15587401390076,0.3
70,318.3241651058197,0.34285714285714286
80,363.89541482925415,0.3375
90,403.1132354736328,0.32222222222222224
100,442.7851583957672,0.31
110,485.3747375011444,0.28
120,546.6505196094513,0.31
130,586.1874120235443,0.32
140,638.3731489181519,0.34
150,668.3678965568542,0.34
160,713.9371452331543,0.29
170,750.4493570327759,0.24
180,801.139758348465,0.25
190,830.4233539104462,0.23
200,870.6544024944305,0.23
210,923.2706234455109,0.25
220,957.5423319339752,0.21
230,1014.6211705207825,0.24
240,1073.0963218212128,0.25
250,1113.0112993717194,0.27
260,1164.8179733753204,0.28
270,1214.7171967029572,0.31
280,1244.927992105484,0.27
290,1294.5291481018066,0.31
300,1334.7852022647858,0.31
310,1364.0907933712006,0.27
320,1404.5208871364594,0.28
330,1434.0385262966156,0.23
340,1463.9652571678162,0.18
350,1503.6031730175018,0.18
360,1550.4096999168396,0.17
370,1584.3533341884613,0.14
380,1637.102198600769,0.18
390,1694.0870153903961,0.19
400,1736.6295838356018,0.19
410,1779.703008890152,0.21
420,1832.2998387813568,0.23
430,1866.4895288944244,0.24
440,1919.7665116786957,0.28
450,1975.1189613342285,0.3
460,2011.5181481838226,0.28
470,2050.3648846149445,0.28
480,2129.857764482498,0.33
490,2166.35897397995,0.29
500,2226.3314633369446,0.32
510,2273.1900024414062,0.33
520,2307.9488201141357,0.3
530,2348.636971950531,0.31
540,2385.374234676361,0.28
550,2483.615330696106,0.35
560,2515.077648639679,0.34
570,2553.906381368637,0.35
580,2614.3359730243683,0.32
590,2663.981138944626,0.34
600,2707.7219774723053,0.31
610,2738.2471392154694,0.28
620,2768.659979581833,0.27
630,2799.1218309402466,0.25
640,2833.877648115158,0.25
650,2877.156382083893,0.16
660,2908.242373943329,0.16
670,2938.7532362937927,0.14
680,2976.631756067276,0.09
690,3039.9660007953644,0.12
700,3096.7197649478912,0.15
710,3170.230299472809,0.22
720,3221.3367941379547,0.26
730,3258.5181567668915,0.27
740,3312.901388645172,0.3
750,3386.2129509449005,0.35
760,3417.063889980316,0.35
770,3455.4945335388184,0.37
780,3500.3876309394836,0.38
790,3538.389177799225,0.34
800,3569.7082221508026,0.29
810,3607.8518018722534,0.23
820,3652.0717470645905,0.21
830,3693.348031282425,0.22
840,3741.374832868576,0.21
850,3771.984717607498,0.14
860,3826.5519909858704,0.18
870,3858.2262308597565,0.16
880,3889.5772819519043,0.14
890,3934.2163219451904,0.14
900,3975.9187018871307,0.16
910,4014.2367084026337,0.16
920,4059.6889312267303,0.16
930,4111.9387402534485,0.17
940,4163.679625511169,0.18
950,4243.156501293182,0.26
960,4288.468692779541,0.24
970,4338.286897659302,0.27
980,4370.334477186203,0.27
990,4402.437698364258,0.25
1000,4439.961145162582,0.24
1010,4478.534821033478,0.24
1020,4577.092267036438,0.32
1030,4608.932428359985,0.29
1040,4660.165951490402,0.28
1050,4698.5243582725525,0.21
1060,4754.585975885391,0.23
1070,4786.078058242798,0.2
1080,4830.703095197678,0.22
1090,4894.108355998993,0.27
1100,4947.64239692688,0.3
1110,4982.598258972168,0.3
1120,5019.041455507278,0.21
1130,5082.304684638977,0.26
1140,5125.736453056335,0.25
1150,5162.189652204514,0.25
1160,5219.234482765198,0.25
1170,5262.126129388809,0.27
1180,5311.934332370758,0.28
1190,5386.123018503189,0.29
1200,5438.1207139492035,0.28
1210,5498.840370416641,0.32
1220,5531.373687744141,0.31
1230,5577.094971418381,0.28
1240,5623.116322278976,0.28
1250,5656.669868946075,0.27
1260,5692.903018474579,0.24
1270,5726.195506334305,0.22
1280,5758.852030992508,0.19
1290,5807.352939605713,0.16
1300,5857.708550691605,0.16
1310,5930.3989000320435,0.18
1320,5984.380040884018,0.22
1330,6028.49996471405,0.22
1340,6075.273484945297,0.22
1350,6108.327919006348,0.22
1360,6155.683570146561,0.23
1370,6188.454940795898,0.23
1380,6242.876360177994,0.27
1390,6279.960823059082,0.25
1400,6329.266913175583,0.25
1410,6366.315246343613,0.19
1420,6402.938482999802,0.16
1430,6444.211766004562,0.15
1440,6480.481923818588,0.14
1450,6520.3828983306885,0.15
1460,6558.3684425354,0.14
1470,6623.392066717148,0.19
1480,6692.739664077759,0.21
1490,6733.174758672714,0.21
1500,6789.163351535797,0.22
1510,6822.625877857208,0.21
1520,6856.9716029167175,0.2
1530,6904.166217803955,0.21
1540,6953.595335006714,0.23
1550,7017.429692745209,0.27
1560,7068.81807923317,0.29
1570,7109.998341560364,0.25
1580,7144.327063083649,0.19
1590,7205.75887966156,0.22
1600,7252.475387096405,0.2
1610,7287.980409383774,0.2
1620,7329.583766937256,0.21
1630,7376.055017709732,0.21
1640,7435.587407588959,0.22
1650,7508.4217891693115,0.23
1660,7569.122441768646,0.24
1670,7604.19633102417,0.23
1680,7643.549181699753,0.24
1690,7693.045314073563,0.22
1700,7750.682277679443,0.23
1710,7785.338072299957,0.23
1720,7837.824877500534,0.25
1730,7874.111038923264,0.23
1740,7919.712295293808,0.21
1750,7956.121484518051,0.15
1760,8015.46583199501,0.15
1770,8065.480088472366,0.18
1780,8108.285716295242,0.18
1790,8159.434220314026,0.19
1800,8207.109943628311,0.18
1810,8250.671741485596,0.19
1820,8292.730200767517,0.17
1830,8350.888281822205,0.2
1840,8394.007008552551,0.19
1850,8449.475484371185,0.22
1860,8486.243754148483,0.18
1870,8546.424289941788,0.19
1880,8616.953152894974,0.23
1890,8653.753429889679,0.2
1900,8708.290696382523,0.21
1910,8768.857949256897,0.24
1920,8804.91705942154,0.23
1930,8840.89815211296,0.2
1940,8893.09995675087,0.22
1950,8933.977150678635,0.2
1960,8977.442926883698,0.21
1970,9022.658096313477,0.19
1980,9063.051445484161,0.15
1990,9123.772751808167,0.18
2000,9174.279110193253,0.17
2010,9210.271205425262,0.13
2020,9264.00229048729,0.16
2030,9303.949275016785,0.17
2040,9359.988879680634,0.17
2050,9396.978199005127,0.16
2060,9452.681727647781,0.18
2070,9488.976891040802,0.16
2080,9537.84588265419,0.17
2090,9590.837801456451,0.17
2100,9653.07095336914,0.19
2110,9717.61405992508,0.23
2120,9778.572770357132,0.24
2130,9833.799191713333,0.26
2140,9910.6334130764,0.29
2150,9979.203321933746,0.34
2160,10023.095193862915,0.32
2170,10086.571470737457,0.36
2180,10138.452139616013,0.36
2190,10188.476140022278,0.35
2200,10244.613199234009,0.35
2210,10290.26946902275,0.32
2220,10359.637070894241,0.33
2230,10396.343817710876,0.3
2240,10461.217408895493,0.28
2250,10497.657667398453,0.23
2260,10545.101338148117,0.24
2270,10604.599826574326,0.24
2280,10652.791665792465,0.24
2290,10725.592039823532,0.27
2300,10779.190095186234,0.25
2310,10817.376113414764,0.24
2320,10862.155789613724,0.2
2330,10915.956359624863,0.23
2340,10999.740445137024,0.26
2350,11050.151783704758,0.28
2360,11111.490006923676,0.3
2370,11166.261325836182,0.29
2380,11212.670194387436,0.28
2390,11271.701471805573,0.26
2400,11333.3313331604,0.27
2410,11380.978327989578,0.29
2420,11447.009000778198,0.33
2430,11493.770518064499,0.31
2440,11536.536137104034,0.25
2450,11597.515851974487,0.27
2460,11677.917943239212,0.3
2470,11716.934432029724,0.27
2480,11771.611399412155,0.28
2490,11840.592665672302,0.3
2500,11901.842949390411,0.31
2510,11953.204132795334,0.3
2520,12012.330970525742,0.28
2530,12059.08806347847,0.28
2540,12117.415182352066,0.3
2550,12178.12583732605,0.29
2560,12216.517472028732,0.22
2570,12270.709661006927,0.24
2580,12350.381580591202,0.28
2590,12425.384449720383,0.28
2600,12478.239337682724,0.27
2610,12540.479026317596,0.29
2620,12596.591087818146,0.29
2630,12660.82353401184,0.32
2640,12741.012116670609,0.36
2650,12784.046842813492,0.34
2660,12827.559629440308,0.35
2670,12892.098145484924,0.37
2680,12958.661116600037,0.35
2690,13016.767573833466,0.33
2700,13067.856690645218,0.32
2710,13107.109519004822,0.29
2720,13146.553390741348,0.26
2730,13197.601872444153,0.24
2740,13265.6703145504,0.21
2750,13326.205236196518,0.23
2760,13398.747904539108,0.27
2770,13464.823766231537,0.27
2780,13525.088448047638,0.26
2790,13585.552962064743,0.26
2800,13623.707622051239,0.24
2810,13676.979240179062,0.26
2820,13741.534686088562,0.3
2830,13789.621290922165,0.29
2840,13842.817321300507,0.27
2850,13925.10882973671,0.29
2860,13987.931464910507,0.28
2870,14040.293241977692,0.26
2880,14094.709085702896,0.25
2890,14143.812129735947,0.23
2900,14192.24426651001,0.24
2910,14241.382318973541,0.23
2920,14287.239261388779,0.2
2930,14352.456214666367,0.23
2940,14400.344408512115,0.22
2950,14449.192394971848,0.18
2960,14498.896574497223,0.15
2970,14557.755241394043,0.15
2980,14619.392104625702,0.16
2990,14663.239966630936,0.16
3000,14727.1105260849,0.19
3010,14776.055364131927,0.19
3020,14821.081491231918,0.19
3030,14883.661713123322,0.18
3040,14953.130681276321,0.21
3050,15001.581384181976,0.21
3060,15058.457176446915,0.22
3070,15116.799690485,0.22
3080,15167.534574985504,0.2
3090,15237.804740667343,0.24
3100,15328.54463338852,0.27
3110,15391.159716367722,0.29
3120,15437.059644937515,0.29
3130,15477.482569217682,0.26
3140,15534.464145421982,0.24
3150,15601.024332761765,0.26
3160,15643.004311800003,0.24
3170,15707.44898557663,0.26
3180,15765.855238199234,0.28
3190,15835.487174034119,0.27
3200,15880.902388572693,0.21
3210,15938.785407543182,0.2
3220,15985.033809423447,0.2
3230,16039.524494171143,0.22
3240,16088.419861078262,0.21
3250,16136.8983938694,0.19
3260,16191.86153626442,0.21
3270,16249.016203165054,0.2
3280,16326.29658460617,0.21
3290,16411.84656906128,0.23
3300,16452.52471804619,0.22
3310,16502.00784754753,0.21
3320,16552.67024374008,0.21
3330,16609.285722255707,0.22
3340,16697.48499393463,0.28
3350,16737.804500818253,0.27
3360,16784.892196416855,0.26
3370,16832.851083278656,0.24
3380,16888.890687704086,0.23
3390,16946.792825698853,0.19
3400,16999.267063617706,0.21
3410,17100.154230594635,0.28
3420,17160.87080192566,0.3
3430,17202.139337539673,0.27
3440,17251.314720392227,0.21
3450,17301.22207045555,0.22
3460,17351.46495103836,0.22
3470,17397.879192590714,0.22
3480,17460.376249313354,0.23
3490,17528.056471824646,0.24
3500,17573.527698993683,0.23
3510,17661.80485010147,0.22
3520,17731.80723118782,0.24
3530,17789.553278684616,0.26
3540,17830.804615974426,0.25
3550,17886.7455098629,0.26
3560,17936.24472427368,0.26
3570,17982.27081465721,0.26
3580,18045.754147052765,0.25
3590,18087.04043316841,0.22
3600,18129.13772058487,0.21
3610,18184.650775432587,0.16
3620,18239.009001255035,0.13
3630,18316.66379570961,0.15
3640,18380.94625377655,0.18
3650,18441.400515794754,0.19
3660,18491.076749801636,0.19
3670,18570.112202882767,0.22
3680,18642.19745516777,0.24
3690,18688.192800045013,0.25
3700,18739.335988998413,0.26
3710,18813.11198282242,0.28
3720,18874.647377967834,0.29
3730,18942.19088959694,0.28
3740,19004.495714187622,0.28
3750,19085.503965854645,0.3
3760,19131.007291078568,0.3
3770,19206.412288427353,0.3
3780,19283.770032167435,0.3
3790,19356.421372413635,0.33
3800,19408.722125053406,0.33
3810,19467.696898937225,0.31
3820,19531.063151359558,0.31
3830,19579.368265151978,0.29
3840,19632.214411258698,0.28
3850,19687.69388985634,0.25
3860,19728.760165691376,0.24
3870,19782.239349126816,0.22
3880,19846.745842456818,0.2
3890,19899.368122816086,0.17
3900,19951.267582654953,0.17
3910,20008.89122390747,0.17
3920,20061.78176689148,0.15
3930,20118.13544154167,0.16
3940,20183.25908923149,0.18
3950,20226.8384642601,0.16
3960,20288.46989417076,0.19
3970,20387.59227323532,0.24
3980,20461.87377166748,0.25
3990,20520.9200527668,0.26
4000,20589.661139011383,0.28
4010,20640.624089956284,0.27
4020,20692.028993844986,0.27
4030,20754.363515853882,0.27
4040,20810.958337306976,0.25
4050,20887.254806518555,0.29
4060,20966.12978029251,0.31
4070,21027.55967593193,0.26
4080,21101.138240337372,0.27
4090,21145.702263593674,0.25
4100,21204.754992485046,0.24
4110,21285.36150956154,0.28
4120,21362.821330308914,0.31
4130,21442.3489985466,0.33
4140,21517.851980924606,0.35
4150,21587.77142906189,0.34
4160,21650.65456390381,0.32
4170,21721.65339589119,0.34
4180,21792.300169706345,0.33
4190,21860.620028972626,0.36
4200,21919.448140382767,0.37
4210,21977.082586050034,0.34
4220,22037.042078971863,0.32
4230,22099.780624628067,0.31
4240,22161.367476701736,0.29
4250,22210.761857032776,0.27
4260,22296.683182001114,0.3
4270,22348.256220579147,0.27
4280,22422.76660633087,0.28
4290,22487.180724859238,0.28
4300,22543.358360290527,0.27
4310,22612.70755457878,0.28
4320,22668.15858888626,0.28
4330,22735.235306978226,0.28
4340,22808.22058033943,0.3
4350,22879.94384622574,0.33
4360,22933.024748802185,0.28
4370,22983.609126329422,0.28
4380,23046.89339375496,0.26
4390,23123.453612327576,0.27
4400,23174.1290102005,0.26
4410,23241.31324338913,0.26
4420,23290.607330560684,0.25
4430,23361.688634634018,0.26
4440,23446.371608257294,0.27
4450,23507.07941842079,0.26
4460,23568.418015241623,0.27
4470,23619.678539037704,0.27
4480,23719.56233358383,0.31
4490,23780.928846359253,0.29
4500,23863.04778265953,0.33
4510,23938.66619539261,0.34
4520,24020.515313625336,0.38
4530,24076.734852790833,0.36
4540,24128.16341996193,0.32
4550,24220.854148864746,0.36
4560,24308.24484014511,0.4
4570,24367.934106826782,0.41
4580,24421.772807359695,0.36
4590,24466.900957345963,0.34
4600,24533.400171518326,0.33
4610,24601.371836662292,0.32
4620,24655.162934541702,0.28
4630,24706.04050040245,0.27
4640,24756.359930038452,0.27
4650,24833.5178565979,0.24
4660,24901.309740543365,0.22
4670,24962.91229534149,0.22
4680,25036.321925401688,0.23
4690,25079.70768404007,0.23
4700,25167.408622980118,0.24
4710,25211.959465265274,0.21
4720,25271.812308311462,0.22
4730,25333.96741962433,0.23
4740,25417.049439907074,0.27
4750,25476.237542152405,0.25
4760,25546.42666864395,0.25
4770,25633.913402080536,0.28
4780,25702.719804286957,0.28
4790,25764.366670131683,0.31
4800,25827.61089491844,0.28
4810,25908.142943143845,0.33
4820,25975.797025680542,0.34
4830,26068.301632404327,0.38
4840,26134.603932857513,0.36
4850,26200.17013692856,0.37
4860,26262.66312456131,0.36
4870,26327.074093818665,0.34
4880,26396.473217725754,0.34
4890,26464.524312973022,0.34
4900,26539.850250720978,0.36
4910,26592.761590003967,0.32
4920,26668.16103363037,0.33
4930,26718.452095746994,0.28
4940,26775.40905547142,0.27
4950,26851.319426059723,0.29
4960,26914.983952522278,0.28
4970,26974.554063796997,0.27
4980,27044.36410522461,0.27
4990,27103.87480521202,0.26
5000,27164.51399040222,0.24
5010,27240.531231880188,0.25
5020,27286.864806175232,0.21
5030,27362.591215372086,0.24
5040,27422.75377225876,0.24
5050,27467.07798552513,0.19
5060,27535.643837451935,0.2
5070,27588.235426187515,0.19
5080,27637.1169359684,0.16
5090,27698.457777023315,0.16
5100,27776.06618452072,0.18
5110,27847.962670326233,0.19
5120,27892.214824199677,0.19
5130,27975.546566963196,0.2
5140,28037.222438812256,0.2
5150,28108.457157611847,0.23
5160,28160.082769155502,0.21
5170,28221.305619239807,0.22
5180,28272.95470046997,0.23
5190,28352.8401761055,0.25
5200,28408.534859657288,0.22
5210,28465.070863485336,0.2
5220,28536.055074691772,0.23
5230,28581.72572827339,0.18
5240,28652.135057210922,0.19
5250,28705.811054229736,0.17
5260,28765.551892757416,0.18
5270,28832.039846897125,0.19
5280,28902.86634707451,0.21
5290,28949.9735994339,0.17
5300,29005.630325317383,0.17
5310,29068.392958641052,0.18
5320,29125.42219376564,0.16
5330,29183.989620923996,0.17
5340,29272.778245210648,0.18
5350,29334.53146791458,0.19
5360,29384.075086593628,0.18
5370,29471.9173746109,0.2
5380,29522.004237413406,0.18
5390,29600.400155305862,0.22
5400,29645.041646003723,0.21
5410,29707.035462379456,0.22
5420,29773.951978206635,0.24
5430,29818.634792089462,0.23
5440,29869.098210334778,0.2
5450,29929.052435159683,0.2
5460,30007.911554574966,0.23
5470,30059.564645528793,0.19
5480,30120.415095090866,0.2
5490,30179.859723091125,0.18
5500,30236.12060546875,0.2
5510,30321.67550468445,0.22
5520,30395.475189208984,0.22
5530,30445.62057876587,0.23
5540,30516.355246543884,0.25
5550,30572.820975780487,0.25
5560,30623.364635705948,0.22
5570,30685.05842232704,0.23
5580,30788.448894262314,0.28
5590,30848.286015748978,0.28
5600,30944.063222408295,0.32
5610,31005.719399690628,0.29
5620,31061.031128406525,0.27
5630,31112.017835617065,0.27
5640,31179.98362827301,0.27
5650,31247.695908784866,0.28
5660,31298.604060411453,0.28
5670,31358.682667970657,0.28
5680,31405.13020992279,0.21
5690,31456.354061841965,0.2
5700,31513.681094408035,0.15
5710,31580.88521718979,0.16
5720,31674.000744581223,0.21
5730,31779.32132077217,0.27
5740,31842.474562883377,0.26
5750,31896.94030380249,0.24
5760,31942.835260152817,0.23
5770,31998.19758415222,0.22
5780,32068.79163002968,0.25
5790,32133.596406698227,0.26
5800,32224.44191455841,0.3
5810,32286.465603351593,0.29
5820,32363.022745370865,0.26
5830,32442.32872223854,0.23
5840,32487.590163707733,0.21
5850,32558.66209578514,0.23
5860,32615.235835552216,0.24
5870,32689.45789694786,0.26
5880,32745.55352330208,0.24
5890,32828.129690885544,0.26
5900,32883.06812596321,0.22
5910,32972.477083444595,0.25
5920,33044.06719517708,0.25
5930,33092.0955851078,0.21
5940,33171.43325018883,0.26
5950,33229.757690906525,0.25
5960,33287.00094652176,0.26
5970,33364.70981192589,0.27
5980,33425.33688044548,0.28
5990,33495.85073018074,0.27
6000,33548.337435007095,0.27
6010,33623.65139770508,0.25
6020,33679.61665701866,0.23
6030,33756.28485250473,0.26
6040,33852.27910685539,0.27
6050,33955.30669403076,0.32
6060,34031.40750455856,0.33
6070,34104.312870025635,0.33
6080,34160.93793797493,0.32
6090,34233.07716298103,0.32
6100,34306.079334020615,0.34
6110,34382.87861561775,0.34
6120,34473.10313463211,0.39
6130,34547.721764326096,0.4
6140,34630.359273672104,0.38
6150,34686.78051662445,0.32
6160,34738.658041238785,0.3
6170,34818.41677927971,0.31
6180,34870.45648384094,0.31
6190,34928.314054489136,0.3
6200,34996.06059670448,0.3
6210,35082.196017980576,0.31
6220,35143.3909137249,0.27
6230,35216.522545576096,0.26
6240,35264.18290448189,0.22
6250,35340.122920036316,0.24
6260,35409.412751197815,0.26
6270,35491.36761260033,0.25
6280,35547.99034810066,0.25
6290,35613.87945842743,0.25
6300,35669.954577207565,0.23
6310,35755.135731220245,0.23
6320,35827.17132258415,0.24
6330,35895.88878154755,0.24
6340,35958.549620866776,0.26
6350,36026.7927274704,0.26
6360,36100.280811309814,0.26
6370,36168.658757686615,0.25
6380,36241.8875644207,0.27
6390,36301.19611907005,0.27
6400,36374.86192941666,0.29
6410,36433.12090778351,0.27
6420,36498.705990076065,0.27
6430,36584.53170156479,0.3
6440,36647.044214487076,0.3
6450,36716.64106798172,0.3
6460,36774.48280286789,0.28
6470,36844.32505941391,0.28
6480,36926.997874975204,0.29
6490,37011.95130228996,0.32
6500,37082.05164337158,0.32
6510,37144.60224580765,0.32
6520,37201.92352223396,0.3
6530,37255.16870141029,0.25
6540,37332.17002034187,0.26
6550,37409.32958459854,0.26
6560,37489.16460108757,0.29
6570,37541.0019402504,0.27
6580,37609.64518547058,0.26
6590,37655.303454875946,0.21
6600,37713.98981499672,0.2
6610,37782.05072259903,0.2
6620,37857.85403084755,0.22
6630,37922.043242931366,0.23
6640,37990.09907698631,0.23
6650,38053.54795217514,0.22
6660,38117.51063203812,0.2
6670,38165.796782016754,0.19
6680,38237.932334423065,0.2
6690,38301.28227829933,0.22
6700,38388.58237481117,0.25
6710,38448.25151228905,0.25
6720,38517.82774543762,0.25
6730,38574.37769818306,0.24
6740,38642.902003765106,0.23
6750,38727.6283094883,0.25
6760,38791.38361787796,0.25
6770,38855.36973786354,0.27
6780,38946.43138003349,0.28
6790,39014.62371778488,0.28
6800,39068.37599444389,0.24
6810,39146.16611123085,0.25
6820,39216.33655142784,0.25
6830,39306.420577049255,0.3
6840,39362.01859498024,0.29
6850,39425.8852660656,0.27
6860,39519.513374090195,0.3
6870,39579.50991821289,0.3
6880,39643.38522171974,0.27
6890,39707.31195616722,0.27
6900,39766.490043878555,0.27
6910,39845.18905568123,0.28
6920,39929.45951676369,0.29
6930,40013.85057139397,0.27
6940,40073.65566492081,0.28
6950,40140.40715456009,0.29
6960,40201.57830095291,0.26
6970,40275.810955286026,0.27
6980,40355.41214299202,0.28
6990,40441.16125154495,0.3
7000,40499.853002786636,0.3
7010,40585.95492219925,0.31
7020,40696.4701833725,0.34
7030,40764.70908546448,0.32
7040,40854.14727473259,0.35
7050,40928.10527300835,0.35
7060,41006.07940220833,0.36
7070,41063.632573366165,0.34
7080,41121.817059755325,0.32
7090,41210.930215358734,0.32
7100,41275.474393606186,0.33
7110,41336.72179150581,0.3
7120,41395.74656867981,0.24
7130,41459.57197070122,0.24
7140,41514.062323093414,0.2
7150,41589.711616277695,0.2
7160,41664.05636501312,0.2
7170,41760.84341311455,0.25
7180,41831.255955696106,0.27
7190,41925.926924705505,0.28
7200,42020.84442615509,0.31
7210,42128.23058080673,0.36
7220,42218.911355257034,0.4
7230,42293.11256504059,0.41
7240,42354.10927224159,0.42
7250,42449.34430336952,0.44
7260,42563.071712732315,0.48
7270,42683.07158064842,0.5
7280,42777.828531742096,0.52
7290,42850.25772309303,0.51
7300,42948.071639060974,0.52
7310,43012.34672451019,0.47
7320,43081.49346661568,0.44
7330,43148.749207258224,0.44
7340,43225.87199091911,0.46
7350,43300.250558137894,0.44
7360,43359.22708940506,0.38
7370,43413.1485376358,0.31
7380,43489.5778093338,0.29
7390,43554.02160406113,0.27
7400,43623.90042209625,0.23
7410,43682.20580649376,0.22
7420,43843.5751247406,0.31
7430,43911.586750268936,0.3
7440,43975.78474855423,0.28
7450,44050.2923643589,0.28
7460,44108.65889334679,0.28
7470,44166.62571334839,0.28
7480,44236.24414944649,0.27
7490,44301.52820134163,0.27
7500,44378.55916047096,0.28
7510,44468.57459425926,0.3
7520,44562.97817015648,0.24
7530,44677.258026361465,0.29
7540,44747.955384492874,0.29
7550,44853.46082115173,0.32
7560,44914.41353058815,0.33
7570,44979.393605709076,0.34
7580,45044.69841146469,0.34
7590,45099.76413440704,0.33
7600,45153.80681657791,0.31
7610,45229.57024145126,0.31
7620,45304.59461736679,0.29
7630,45378.90811705589,0.26
7640,45437.22834134102,0.25
7650,45507.928236722946,0.22
7660,45568.7644405365,0.22
7670,45623.31062746048,0.21
7680,45682.922818899155,0.21
7690,45743.668419122696,0.22
7700,45815.755472660065,0.24
7710,45881.68556475639,0.23
7720,45944.727154016495,0.22
7730,46036.81886720657,0.22
7740,46108.27219128609,0.24
7750,46190.06992125511,0.25
7760,46270.62276339531,0.26
7770,46339.14382982254,0.27
7780,46411.68560528755,0.28
7790,46499.601378917694,0.31
7800,46559.99305725098,0.29
7810,46637.03848361969,0.3
7820,46713.76887226105,0.31
7830,46789.90005731583,0.3
7840,46877.93643784523,0.32
7850,46945.85026168823,0.31
7860,47069.69134712219,0.36
7870,47152.21219110489,0.38
7880,47245.91804385185,0.4
7890,47317.62220001221,0.37
7900,47413.53334927559,0.42
7910,47543.04619073868,0.48
7920,47653.654415130615,0.52
7930,47724.74632692337,0.51
7940,47787.62559580803,0.48
7950,47893.83392715454,0.52
7960,47959.116117715836,0.46
7970,48046.962742090225,0.46
7980,48144.55183029175,0.46
7990,48237.34709358215,0.48
8000,48324.0141723156,0.46
8010,48428.23342227936,0.44
8020,48522.70308160782,0.42
8030,48589.614862680435,0.42
8040,48659.86585831642,0.42
8050,48746.48961544037,0.39
8060,48802.271460056305,0.38
8070,48857.51186656952,0.35
8080,48930.58701276779,0.33
8090,49032.51996588707,0.34
8100,49089.0296754837,0.31
8110,49197.59987735748,0.31
8120,49263.75893497467,0.28
8130,49334.63901567459,0.28
8140,49433.51324176788,0.31
8150,49504.564140081406,0.3
8160,49581.47920155525,0.32
8170,49653.79843521118,0.34
8180,49746.92373752594,0.36
8190,49831.15443253517,0.35
8200,49923.6711063385,0.38
8210,49990.93013262749,0.33
8220,50067.73721933365,0.34
8230,50123.50086236,0.33
8240,50200.201914310455,0.31
8250,50289.54707694054,0.32
8260,50381.78165435791,0.34
8270,50438.65118098259,0.32
8280,50523.8240070343,0.31
8290,50579.60540723801,0.28
8300,50703.73933053017,0.32
8310,50781.747299194336,0.33
8320,50850.997232437134,0.33
8330,50961.157985925674,0.39
8340,51040.437529325485,0.4
8350,51106.686376571655,0.38
8360,51209.63905286789,0.39
8370,51290.279650211334,0.41
8380,51365.62354040146,0.4
8390,51447.3477435112,0.43
8400,51509.24866604805,0.36
8410,51566.364530563354,0.34
8420,51690.35470700264,0.38
8430,51774.28829550743,0.35
8440,51875.82493376732,0.37
8450,51965.62358212471,0.39
8460,52074.830300569534,0.39
8470,52144.54739356041,0.38
8480,52227.01294827461,0.38
8490,52317.59365987778,0.38
8500,52407.32024598122,0.41
8510,52457.61882042885,0.4
8520,52541.56752204895,0.37
8530,52608.30374956131,0.35
8540,52666.43612098694,0.3
8550,52743.114037275314,0.29
8560,52818.441792964935,0.26
8570,52910.26696777344,0.29
8580,53007.63147211075,0.32
8590,53105.221544981,0.33
8600,53178.57780838013,0.32
8610,53258.41028165817,0.35
8620,53381.796625614166,0.38
8630,53451.03727388382,0.38
8640,53515.64753270149,0.39
8650,53580.546409368515,0.38
8660,53651.035027742386,0.37
8670,53735.89263510704,0.36
8680,53811.65275502205,0.33
8690,53895.4279024601,0.32
8700,53986.40054869652,0.33
8710,54047.63133883476,0.31
8720,54140.08465504646,0.29
8730,54203.54592871666,0.29
8740,54267.530156612396,0.29
8750,54359.131313323975,0.32
8760,54454.01792502403,0.35
8770,54563.06176137924,0.37
8780,54641.426060438156,0.38
8790,54739.00280499458,0.4
8800,54813.98181271553,0.39
8810,54873.106765031815,0.39
8820,54940.565804481506,0.36
8830,55037.027270793915,0.39
8840,55114.58952999115,0.41
8850,55195.58444547653,0.39
8860,55275.08272385597,0.37
8870,55345.12040066719,0.33
8880,55434.50510382652,0.33
8890,55502.4833509922,0.29
8900,55593.53785228729,0.3
8910,55677.59572792053,0.32
8920,55769.09483337402,0.34
8930,55844.19349312782,0.31
8940,55937.585210084915,0.32
8950,56019.000227212906,0.33
8960,56124.45381164551,0.35
8970,56227.138237953186,0.38
8980,56294.41235661507,0.36
8990,56372.54073929787,0.37
9000,56437.766409635544,0.35
9010,56506.43511605263,0.34
9020,56579.365718603134,0.32
9030,56648.07832360268,0.32
9040,56723.527265548706,0.3
9050,56787.819610118866,0.28
9060,56867.03461766243,0.26
9070,56960.28120017052,0.26
9080,57029.88475680351,0.26
9090,57120.81689620018,0.27
9100,57193.46528029442,0.28
9110,57265.63032460213,0.28
9120,57344.7069773674,0.29
9130,57415.29122543335,0.29
9140,57491.53659200668,0.29
9150,57565.770944833755,0.29
9160,57653.22872185707,0.31
9170,57728.58383822441,0.29
9180,57819.60393023491,0.31
9190,57904.92357993126,0.31
9200,57994.18215608597,0.33
9210,58085.04277038574,0.35
9220,58177.98137259483,0.37
9230,58241.87494969368,0.37
9240,58304.64885210991,0.35
9250,58367.93894505501,0.34
9260,58433.16561627388,0.31
9270,58523.244400024414,0.32
9280,58603.151450634,0.31
9290,58678.755440711975,0.3
9300,58754.56333851814,0.28
9310,58826.776485681534,0.27
9320,58938.074409246445,0.28
9330,59025.34610962868,0.3
9340,59094.602111816406,0.31
9350,59197.70707464218,0.35
9360,59272.22428607941,0.35
9370,59359.44210791588,0.34
9380,59438.620311021805,0.34
9390,59497.738084316254,0.32
9400,59576.110214948654,0.32
9410,59666.468133211136,0.33
9420,59760.063093185425,0.31
9430,59835.71220040321,0.3
9440,59956.98005890846,0.35
9450,60027.38693404198,0.32
9460,60093.19302749634,0.32
9470,60161.80500268936,0.31
9480,60231.343742370605,0.3
9490,60296.44032406807,0.31
9500,60395.51843094826,0.33
9510,60461.192123651505,0.31
9520,60526.5619494915,0.29
9530,60639.40059900284,0.32
9540,60721.600420475006,0.28
9550,60809.396289110184,0.3
9560,60894.244114398956,0.31
9570,60960.215477705,0.31
9580,61058.25344109535,0.34
9590,61160.91197061539,0.37
9600,61230.40488862991,0.34
9610,61306.646287202835,0.35
9620,61393.87134242058,0.37
9630,61475.9932410717,0.35
9640,61578.252190589905,0.37
9650,61669.32187342644,0.37
9660,61735.171354055405,0.36
9670,61843.0438246727,0.41
9680,61928.63652873039,0.4
9690,62005.111073970795,0.38
9700,62101.85273981094,0.42
9710,62160.7604162693,0.4
9720,62276.94326400757,0.43
9730,62357.918852090836,0.42
9740,62441.87852501869,0.41
9750,62550.53096437454,0.43
9760,62613.891496658325,0.42
9770,62690.63181114197,0.38
9780,62762.61859560013,0.36
9790,62839.64107632637,0.36
9800,62928.44803738594,0.34
9810,62998.7258439064,0.35
9820,63070.48122215271,0.31
9830,63140.97779798508,0.3
9840,63210.34890341759,0.28
9850,63327.2631213665,0.3
9860,63411.50704693794,0.33
9870,63500.12496972084,0.34
9880,63589.33786034584,0.36
9890,63710.65897893906,0.41
9900,63828.94806933403,0.44
9910,63914.95000219345,0.45
9920,63981.54528880119,0.44
9930,64047.65409612656,0.44
9940,64118.46955728531,0.44
9950,64192.228910684586,0.39
9960,64306.652264118195,0.42
9970,64387.633746385574,0.41
9980,64485.9286441803,0.42
9990,64567.857867479324,0.37
10000,64637.84360599518,0.32
10010,64738.034762620926,0.33
10020,64818.01335930824,0.34
10030,64903.52215361595,0.35
10040,64988.52029085159,0.36
10050,65047.886738061905,0.34
10060,65151.57752108574,0.32
10070,65228.405415058136,0.32
10080,65346.99917840958,0.33
10090,65417.99613761902,0.32
10100,65483.03473973274,0.32
10110,65553.07963705063,0.3
10120,65634.96155071259,0.3
10130,65705.83545351028,0.29
10140,65804.0070464611,0.31
10150,65884.64863562584,0.33
10160,65966.63395738602,0.31
10170,66048.02220797539,0.31
10180,66119.75015687943,0.27
10190,66185.1639213562,0.27
10200,66282.9380095005,0.3
10210,66364.26942634583,0.31
10220,66478.26351356506,0.34
10230,66544.99078679085,0.34
10240,66618.67341899872,0.32
10250,66696.17224240303,0.31
10260,66775.71474266052,0.31
10270,66877.0927965641,0.33
10280,66988.0054910183,0.37
10290,67064.49557304382,0.37
10300,67134.85770511627,0.34
10310,67224.63290333748,0.35
10320,67317.61127233505,0.33
10330,67387.04199647903,0.33
10340,67464.20329761505,0.33
10350,67565.03182959557,0.36
10360,67638.31341409683,0.35
10370,67709.27749228477,0.32
10380,67783.00352096558,0.28
10390,67862.27735090256,0.29
10400,67934.19140219688,0.29
10410,68026.89363002777,0.29
10420,68101.5604236126,0.27
10430,68216.80684661865,0.31
10440,68299.56909751892,0.31
10450,68381.62371730804,0.29
10460,68463.03381991386,0.3
10470,68529.71322059631,0.3
10480,68596.27119040489,0.3
10490,68662.25539898872,0.29
10500,68722.09034919739,0.28
10510,68811.83765554428,0.28
10520,68885.36567044258,0.28
10530,68963.193857193,0.25
10540,69045.12582159042,0.25
10550,69117.32576155663,0.23
10560,69222.81933426857,0.24
10570,69303.29261088371,0.25
10580,69385.64363193512,0.26
10590,69447.59406280518,0.25
10600,69531.30273938179,0.27
10610,69627.06655335426,0.28
10620,69700.49465370178,0.28
10630,69774.7138171196,0.27
10640,69869.4943830967,0.28
10650,69947.3752169609,0.3
10660,70030.6555864811,0.29
10670,70143.75231719017,0.32
10680,70228.86308217049,0.33
10690,70296.72866940498,0.34
10700,70367.04832553864,0.33
10710,70453.30141448975,0.32
10720,70549.62493371964,0.34
10730,70616.37214016914,0.34
10740,70712.5550301075,0.34
10750,70784.93075990677,0.33
10760,70885.29512476921,0.34
10770,70967.7737557888,0.31
10780,71038.92023420334,0.29
10790,71138.64428496361,0.32
10800,71215.21935844421,0.32
10810,71297.87555480003,0.31
10820,71359.94812512398,0.28
10830,71433.32172036171,0.28
10840,71537.72490262985,0.29
10850,71609.22876930237,0.29
10860,71699.53438735008,0.28
10870,71788.75468826294,0.28
10880,71861.7855129242,0.28
10890,71966.06891465187,0.28
10900,72060.51606988907,0.3
10910,72158.6117734909,0.32
10920,72236.8009622097,0.33
10930,72308.06460475922,0.33
10940,72380.55748987198,0.3
10950,72475.18268465996,0.32
10960,72563.58504605293,0.32
10970,72642.76002573967,0.32
10980,72738.94694375992,0.35
10990,72810.99584507942,0.32
11000,72885.7321870327,0.31
11010,72972.22326755524,0.3
11020,73054.09287405014,0.31
11030,73138.56344532967,0.32
11040,73223.06254792213,0.33
11050,73320.69050073624,0.34
11060,73410.4679236412,0.35
11070,73483.05067706108,0.34
11080,73568.56647825241,0.32
11090,73641.46989488602,0.32
11100,73713.48253321648,0.31
11110,73793.22707176208,0.3
11120,73904.27729582787,0.33
11130,73988.38269996643,0.33
11140,74073.31982827187,0.33
11150,74158.02641820908,0.31
11160,74253.85471820831,0.31
11170,74352.96227836609,0.34
11180,74439.2450401783,0.34
11190,74530.49262976646,0.36
11200,74602.40353918076,0.36
11210,74671.2415626049,0.35
11220,74758.50703454018,0.33
11230,74835.70660376549,0.32
11240,74927.8796608448,0.33
11250,75056.17173552513,0.38
11260,75130.68290638924,0.37
11270,75240.17555952072,0.37
11280,75309.2799654007,0.36
11290,75381.18417692184,0.34
11300,75456.215944767,0.35
11310,75553.08344650269,0.37
11320,75625.5067665577,0.35
11330,75703.63750815392,0.35
11340,75796.44379973412,0.35
11350,75898.82860660553,0.33
11360,75971.63334560394,0.32
11370,76049.66326785088,0.3
11380,76130.30912518501,0.31
11390,76243.32902789116,0.34
11400,76329.18221497536,0.34
11410,76395.56894302368,0.31
11420,76492.71547818184,0.33
11430,76569.6550693512,0.33
11440,76642.82158923149,0.31
11450,76722.04389715195,0.28
11460,76796.93456530571,0.28
11470,76885.78136324883,0.28
11480,76990.73615503311,0.3
11490,77106.43859052658,0.31
11500,77205.33677864075,0.33
11510,77276.84527373314,0.34
11520,77372.0460793972,0.34
11530,77441.0673789978,0.34
11540,77514.6680393219,0.34
11550,77600.39989256859,0.34
11560,77691.10069441795,0.36
11570,77804.39284276962,0.39
11580,77897.30827569962,0.38
11590,77986.79866051674,0.35
11600,78089.6056804657,0.35
11610,78200.17819690704,0.39
11620,78313.81385231018,0.4
11630,78394.05390644073,0.41
11640,78486.99296951294,0.43
11650,78572.46949243546,0.43
11660,78650.91735053062,0.41
11670,78734.23691797256,0.38
11680,78807.6024069786,0.36
11690,78888.4567065239,0.36
11700,78963.10808181763,0.33
11710,79053.87098884583,0.3
11720,79129.00394701958,0.27
11730,79191.34914565086,0.25
11740,79295.7649409771,0.26
11750,79369.57472515106,0.25
11760,79439.91063189507,0.25
11770,79598.41689133644,0.33
11780,79689.4492046833,0.34
11790,79775.60562348366,0.34
11800,79873.32401394844,0.36
11810,79954.12785553932,0.35
11820,80030.12998390198,0.35
11830,80110.1487956047,0.37
11840,80178.94519639015,0.34
11850,80249.43763756752,0.34
11860,80368.27637863159,0.39
11870,80455.85230541229,0.31
11880,80540.35026860237,0.31
11890,80634.18040204048,0.32
11900,80719.18698382378,0.31
11910,80801.64585542679,0.32
11920,80876.10146474838,0.32
11930,80949.18987560272,0.31
11940,81036.84251022339,0.32
11950,81106.57535076141,0.32
11960,81181.1113626957,0.27
11970,81256.11082983017,0.26
11980,81362.99783873558,0.28
11990,81475.0519835949,0.29
12000,81578.50074887276,0.3
12010,81725.21823358536,0.36
12020,81808.73936247826,0.38
12030,81885.22728872299,0.39
12040,81960.71362614632,0.38
12050,82036.3370525837,0.38
12060,82128.79701972008,0.39
12070,82220.80307769775,0.41
12080,82338.47994804382,0.42
12090,82407.35001826286,0.39
12100,82478.2247543335,0.37
12110,82542.43933558464,0.29
12120,82618.33621239662,0.27
12130,82694.15812587738,0.26
12140,82774.44978427887,0.26
12150,82860.1479485035,0.27
12160,82930.27901816368,0.26
12170,83064.11588573456,0.3
12180,83129.28419327736,0.25
12190,83203.99986028671,0.25
12200,83284.88766026497,0.25
12210,83367.06978940964,0.26
12220,83460.5745139122,0.27
12230,83531.06826257706,0.27
12240,83600.94068574905,0.27
12250,83688.49338936806,0.27
12260,83758.18113040924,0.27
12270,83830.33470535278,0.21
12280,83904.90135002136,0.22
12290,83976.01835227013,0.22
12300,84046.99280834198,0.22
12310,84116.73758602142,0.22
12320,84194.24279022217,0.22
12330,84269.07905340195,0.22
12340,84346.79773497581,0.23
12350,84428.75301122665,0.23
12360,84528.32251000404,0.25
12370,84605.21898365021,0.26
12380,84679.33011388779,0.26
12390,84760.89275360107,0.27
12400,84832.47943210602,0.27
12410,84927.92287278175,0.29
12420,85003.80505084991,0.28
12430,85103.85643458366,0.3
12440,85182.59152770042,0.29
12450,85269.96931481361,0.29
12460,85344.15089511871,0.27
12470,85426.62910437584,0.27
12480,85515.10531187057,0.28
12490,85585.12838959694,0.27
12500,85689.2975063324,0.3
12510,85788.10178565979,0.29
12520,85896.80603718758,0.32
12530,85973.27908229828,0.3
12540,86061.49139356613,0.31
12550,86164.05064606667,0.32
12560,86259.79408502579,0.34
12570,86345.51567578316,0.35
12580,86416.22866082191,0.34
12590,86513.06689500809,0.36
12600,86589.07116413116,0.33
12610,86688.86931014061,0.35
12620,86763.2503836155,0.32
12630,86835.19460129738,0.32
12640,86907.0575299263,0.31
12650,86976.24202227592,0.29
12660,87060.4959654808,0.29
12670,87130.92808008194,0.27
12680,87217.81334877014,0.28
12690,87289.42098736763,0.26
12700,87364.4514427185,0.26
12710,87440.93645715714,0.23
12720,87512.77812981606,0.23
12730,87609.42121315002,0.25
12740,87692.98075222969,0.26
12750,87776.43887877464,0.27
12760,87867.84835481644,0.26
12770,87939.9206879139,0.26
12780,88029.00765800476,0.26
12790,88144.2308871746,0.31
12800,88251.68320584297,0.34
12810,88360.85613203049,0.37
12820,88442.42051649094,0.37
12830,88518.88975644112,0.35
12840,88599.50336527824,0.34
12850,88685.67903900146,0.35
12860,88774.71451067924,0.35
12870,88873.34753918648,0.38
12880,88950.34335279465,0.37
12890,89027.18113899231,0.32
12900,89111.32228398323,0.3
12910,89202.48882746696,0.29
12920,89296.29725050926,0.3
12930,89386.78694796562,0.31
12940,89512.98733258247,0.35
12950,89586.23367381096,0.33
12960,89668.55383181572,0.32
12970,89746.6796643734,0.29
12980,89825.26479387283,0.29
12990,89906.59933900833,0.29
13000,90000.35302090645,0.29
13010,90092.10232877731,0.29
13020,90176.82239103317,0.29
13030,90272.55370259285,0.3
13040,90347.439078331,0.26
13050,90413.30203533173,0.25
13060,90497.59505033493,0.26
13070,90594.10632395744,0.28
13080,90686.3604054451,0.29
13090,90763.20900821686,0.29
13100,90840.23196458817,0.28
13110,90935.69608974457,0.28
13120,91007.68860149384,0.27
13130,91096.7880616188,0.27
13140,91162.81634163857,0.26
13150,91252.39511346817,0.28
13160,91324.03506016731,0.27
13170,91436.71777486801,0.29
13180,91525.87471103668,0.29
13190,91622.4121119976,0.31
13200,91710.33279776573,0.32
13210,91818.55950546265,0.33
13220,91900.15855765343,0.33
13230,91970.25508522987,0.3
13240,92079.75673985481,0.34
13250,92183.50893235207,0.36
13260,92272.92437505722,0.37
13270,92358.05933833122,0.34
13280,92439.81269264221,0.34
13290,92518.79576063156,0.32
13300,92621.04270648956,0.33
13310,92705.99267077446,0.31
13320,92801.21676540375,0.33
13330,92886.8857626915,0.35
13340,92958.80614638329,0.32
13350,93029.58580684662,0.28
13360,93107.85595560074,0.27
13370,93189.00076460838,0.26
13380,93266.0040678978,0.25
13390,93371.26495361328,0.28
13400,93482.63240098953,0.3
13410,93554.87885761261,0.29
13420,93660.88425540924,0.3
13430,93739.72216463089,0.29
13440,93829.45051431656,0.3
13450,93920.80330586433,0.32
13460,94006.27846169472,0.33
13470,94088.09120893478,0.34
13480,94165.42370009422,0.34
13490,94243.41257929802,0.31
13500,94325.48815369606,0.27
13510,94398.29474759102,0.27
13520,94523.11873149872,0.28
13530,94600.69710874557,0.28
13540,94680.44074368477,0.27
13550,94778.35008192062,0.28
13560,94893.23120808601,0.3
13570,94978.80773258209,0.3
13580,95060.57806491852,0.31
13590,95137.92987561226,0.31
13600,95234.05294418335,0.33
13610,95312.6628215313,0.33
13620,95427.7369954586,0.32
13630,95560.08901762962,0.37
13640,95646.73969960213,0.37
13650,95763.30601882935,0.39
13660,95862.0228278637,0.38
13670,95955.53615903854,0.39
13680,96046.00073313713,0.39
13690,96125.259288311,0.39
13700,96215.9048128128,0.38
13710,96298.11393070221,0.39
13720,96365.26645612717,0.35
13730,96449.15889263153,0.3
13740,96526.30619978905,0.3
13750,96635.4112174511,0.29
13760,96738.84303116798,0.29
13770,96826.04731655121,0.28
13780,96910.95143508911,0.27
13790,97007.8098320961,0.28
13800,97098.49403071404,0.29
13810,97194.97515964508,0.29
13820,97270.66314005852,0.3
13830,97350.13080143929,0.3
13840,97440.7930958271,0.31
13850,97557.30374789238,0.31
13860,97640.57269263268,0.29
13870,97725.31697130203,0.28
13880,97800.85170817375,0.28
13890,97880.64030075073,0.27
13900,97958.91047096252,0.25
13910,98038.55812430382,0.24
13920,98131.65769004822,0.25
13930,98231.26513838768,0.27
13940,98314.19835543633,0.26
13950,98424.71789073944,0.26
13960,98530.59935283661,0.28
13970,98604.7069876194,0.28
13980,98701.57581996918,0.29
13990,98782.1828212738,0.29
14000,98862.10586452484,0.29
14010,98959.55352163315,0.3
14020,99075.9508934021,0.33
14030,99146.76371955872,0.3
14040,99247.98234462738,0.32
14050,99366.01772904396,0.32
14060,99465.19280695915,0.32
14070,99581.83295869827,0.35
14080,99666.77756428719,0.34
14090,99760.74737238884,0.36
14100,99887.9706838131,0.4
14110,99983.82963085175,0.4
14120,100058.671864748,0.36
14130,100132.664904356,0.37
14140,100206.92301011086,0.35
14150,100301.95502376556,0.34
14160,100381.81784248352,0.32
14170,100474.38166165352,0.3
14180,100581.76908516884,0.32
14190,100656.88082170486,0.3
14200,100744.11765265465,0.27
14210,100819.90737771988,0.26
14220,100895.0624654293,0.26
14230,100988.77572655678,0.27
14240,101071.11962032318,0.27
14250,101160.67084622383,0.26
14260,101253.72445130348,0.27
14270,101363.81053876877,0.29
14280,101442.9864320755,0.27
14290,101537.3744251728,0.29
14300,101629.82168221474,0.29
14310,101734.20536470413,0.31
14320,101847.41308093071,0.34
14330,101928.32701086998,0.33
14340,102049.68425369263,0.37
14350,102151.03401494026,0.38
14360,102231.78900456429,0.37
14370,102310.75418615341,0.34
14380,102397.81532597542,0.35
14390,102473.04856538773,0.33
14400,102566.60028100014,0.33
14410,102649.98311328888,0.31
14420,102731.57430267334,0.28
14430,102811.9743206501,0.28
14440,102910.74846100807,0.25
14450,103003.13289523125,0.24
14460,103095.32521295547,0.25
14470,103208.36485242844,0.28
14480,103299.86701726913,0.29
14490,103386.01705932617,0.29
14500,103471.82879662514,0.28
14510,103579.3853559494,0.31
14520,103670.95955514908,0.32
14530,103777.26317739487,0.34
14540,103863.1140267849,0.33
14550,103949.98743891716,0.33
14560,104048.91778302193,0.33
14570,104133.30749773979,0.3
14580,104227.51289343834,0.29
14590,104329.61802196503,0.31
14600,104428.23718214035,0.33
14610,104508.36361169815,0.3
14620,104575.64140439034,0.28
14630,104669.25922179222,0.27
14640,104756.43228626251,0.27
14650,104843.44917058945,0.27
14660,104923.60935592651,0.26
14670,105029.55550503731,0.28
14680,105138.03343367577,0.29
14690,105266.91732263565,0.31
14700,105353.29705548286,0.29
14710,105447.29644799232,0.31
14720,105547.85540366173,0.34
14730,105643.42473244667,0.34
14740,105729.57264375687,0.34
14750,105834.22816205025,0.35
14760,105949.84279704094,0.38
14770,106050.10049438477,0.38
14780,106150.6481397152,0.38
14790,106228.09178543091,0.34
14800,106309.27983236313,0.34
14810,106406.52870440483,0.34
14820,106487.99631404877,0.32
14830,106565.11893868446,0.31
14840,106652.0895140171,0.32
14850,106763.54807806015,0.33
14860,106856.28371548653,0.31
14870,106955.12946915627,0.3
14880,107049.39899206161,0.29
14890,107142.95306134224,0.3
14900,107238.44892263412,0.32
14910,107315.90223050117,0.3
14920,107412.00463700294,0.31
14930,107502.44700717926,0.32
14940,107623.5433614254,0.34
14950,107724.71403169632,0.33
14960,107818.8739490509,0.33
14970,107917.59303975105,0.34
14980,108019.73485469818,0.35
14990,108120.29746842384,0.35
15000,108273.68449187279,0.39
15010,108393.55533742905,0.41
15020,108488.34263014793,0.41
15030,108581.229170084,0.41
15040,108703.65959310532,0.41
15050,108817.34480762482,0.41
15060,108917.27714776993,0.42
15070,108990.25032234192,0.39
15080,109084.77913737297,0.38
15090,109173.19295740128,0.38
15100,109280.56201386452,0.34
15110,109382.36521697044,0.34
15120,109470.19132351875,0.34
15130,109553.5517745018,0.34
15140,109638.59112548828,0.31
15150,109749.20644640923,0.31
15160,109834.21598529816,0.29
15170,109924.79818630219,0.31
15180,110035.81396579742,0.33
15190,110110.97828555107,0.32
15200,110219.86026740074,0.32
15210,110327.47973132133,0.32
15220,110403.39653491974,0.31
15230,110504.1678712368,0.32
15240,110604.80009746552,0.33
15250,110710.96309661865,0.33
15260,110833.49800992012,0.37
15270,110945.9298889637,0.38
15280,111041.76735711098,0.36
15290,111114.88482880592,0.35
15300,111203.78750038147,0.34
15310,111298.43668913841,0.33
15320,111387.38948750496,0.34
15330,111475.69636631012,0.32
15340,111552.09587955475,0.31
15350,111637.96417593956,0.29
15360,111739.03135943413,0.27
15370,111834.46877598763,0.26
15380,111917.67434334755,0.25
15390,112007.25872516632,0.27
15400,112088.87200212479,0.26
15410,112185.86763715744,0.26
15420,112274.81301832199,0.26
15430,112396.360216856,0.29
15440,112511.38914990425,0.32
15450,112597.81594920158,0.32
15460,112680.58758735657,0.3
15470,112788.3219575882,0.31
15480,112883.04464268684,0.32
15490,112965.7987754345,0.31
15500,113061.37413930893,0.33
15510,113158.37177991867,0.33
15520,113231.45608234406,0.31
15530,113300.13192534447,0.27
15540,113409.22924137115,0.26
15550,113491.3138654232,0.26
15560,113587.38200044632,0.27
15570,113674.45461416245,0.26
15580,113764.93933868408,0.26
15590,113846.53146290779,0.26
15600,113937.59062600136,0.25
15610,114020.106539011,0.24
15620,114103.1850605011,0.25
15630,114194.24485635757,0.27
15640,114292.07713603973,0.26
15650,114401.55604100227,0.28
15660,114485.04897618294,0.27
15670,114576.34434533119,0.27
15680,114666.23727059364,0.27
15690,114767.72877717018,0.28
15700,114857.65421199799,0.28
15710,114967.07399773598,0.3
15720,115076.57953310013,0.32
15730,115178.58820676804,0.33
15740,115289.05743050575,0.35
15750,115391.66005444527,0.35
15760,115479.95718502998,0.36
15770,115570.17049837112,0.35
15780,115672.79245686531,0.35
15790,115755.70955514908,0.34
15800,115838.78570914268,0.33
15810,115935.691893816,0.32
15820,116025.53638505936,0.31
15830,116107.93689060211,0.29
15840,116245.39355635643,0.31
15850,116331.82963562012,0.29
15860,116415.23200750351,0.28
15870,116516.58343720436,0.29
15880,116607.71435379982,0.29
15890,116703.96173238754,0.3
15900,116787.13113117218,0.3
15910,116887.47097706795,0.3
15920,116986.82711005211,0.31
15930,117066.19840359688,0.31
15940,117213.74023532867,0.31
15950,117326.79940009117,0.34
15960,117414.78622221947,0.34
15970,117513.620023489,0.35
15980,117622.55227088928,0.37
15990,117705.32587862015,0.36
16000,117800.55695176125,0.37
16010,117886.94779443741,0.37
16020,118026.4385368824,0.4
16030,118124.0907151699,0.41
16040,118222.28389501572,0.37
16050,118305.49739861488,0.34
16060,118384.32605695724,0.34
16070,118483.67605090141,0.34
16080,118624.83436846733,0.36
16090,118711.95616698265,0.36
16100,118800.81153964996,0.35
16110,118888.0991897583,0.35
16120,118986.30037331581,0.31
16130,119077.41553258896,0.31
16140,119185.7504556179,0.32
16150,119279.76533126831,0.33
16160,119369.9717540741,0.33
16170,119488.22832465172,0.33
16180,119585.11039686203,0.29
16190,119690.30663084984,0.31
16200,119778.75757050514,0.31
16210,119874.98726439476,0.31
16220,120000.4250626564,0.34
16230,120083.34667611122,0.33
16240,120176.06177926064,0.32
16250,120272.67580389977,0.32
16260,120360.87302827835,0.32
16270,120448.74042344093,0.3
16280,120566.02101016045,0.32
16290,120720.59530758858,0.36
16300,120835.81239461899,0.39
16310,120944.4651722908,0.4
16320,121055.12499761581,0.38
16330,121139.08902359009,0.38
16340,121222.81338596344,0.37
16350,121351.29659414291,0.4
16360,121440.1202673912,0.4
16370,121545.59219121933,0.42
16380,121663.63016366959,0.42
16390,121768.2192440033,0.38
16400,121869.70121097565,0.37
16410,121973.94983410835,0.36
16420,122070.27936863899,0.36
16430,122170.38189864159,0.38
16440,122261.07859253883,0.38
16450,122384.67389416695,0.37
16460,122523.5975382328,0.42
16470,122609.90957260132,0.4
16480,122693.90273046494,0.37
16490,122792.77431964874,0.36
16500,122876.61984729767,0.34
16510,122962.44348049164,0.33
16520,123046.53695559502,0.31
16530,123165.99652981758,0.33
16540,123255.70530247688,0.33
16550,123364.80465698242,0.32
16560,123463.00560903549,0.28
16570,123569.05572366714,0.3
16580,123695.2820379734,0.33
16590,123807.78930425644,0.34
16600,123923.93144416809,0.36
16610,124031.17593359947,0.38
16620,124127.31591963768,0.4
16630,124220.54445505142,0.37
16640,124339.456564188,0.39
16650,124428.30514788628,0.37
16660,124522.0757548809,0.37
16670,124616.10190939903,0.36
16680,124705.48128962517,0.33
16690,124783.11644220352,0.31
16700,124902.3681025505,0.31
16710,124995.80346798897,0.29
16720,125112.19711399078,0.3
16730,125240.77596306801,0.33
16740,125326.48272132874,0.31
16750,125407.72415924072,0.31
16760,125526.62376475334,0.33
16770,125612.33249783516,0.32
16780,125718.72889709473,0.34
16790,125805.55000567436,0.34
16800,125932.71623420715,0.35
16810,126040.1730093956,0.37
16820,126121.03236031532,0.34
16830,126211.03140711784,0.3
16840,126317.45627427101,0.31
16850,126408.5261785984,0.31
16860,126489.18803715706,0.28
16870,126576.29508471489,0.28
16880,126657.00962495804,0.26
16890,126766.35630083084,0.28
16900,126853.98480010033,0.26
16910,126977.73022532463,0.27
16920,127064.08628726006,0.27
16930,127192.3845911026,0.3
16940,127306.60795521736,0.31
16950,127435.81324148178,0.35
16960,127522.77845168114,0.35
16970,127623.71772956848,0.36
16980,127747.22786426544,0.4
16990,127833.75882673264,0.38
17000,127924.53996610641,0.37
17010,128016.0618057251,0.34
17020,128095.1481461525,0.34
17030,128190.69233894348,0.32
17040,128285.17621994019,0.31
17050,128394.28626465797,0.29
17060,128492.79874420166,0.3
17070,128578.83643913269,0.29
17080,128667.73140358925,0.25
17090,128759.90761971474,0.25
17100,128843.72269892693,0.25
17110,128925.3625600338,0.25
17120,129007.84393835068,0.25
17130,129094.865224123,0.24
17140,129182.92634820938,0.24
17150,129313.08127427101,0.25
17160,129416.968780756,0.26
17170,129545.65924525261,0.3
17180,129660.1484618187,0.32
17190,129769.41702413559,0.34
17200,129877.90406823158,0.36
17210,129960.96805691719,0.36
17220,130111.28894352913,0.41
17230,130234.94568991661,0.44
17240,130324.11924242973,0.43
17250,130431.75633382797,0.41
17260,130517.8820400238,0.39
17270,130614.52000784874,0.36
17280,130719.52821493149,0.35
17290,130806.71770215034,0.33
17300,130920.60140132904,0.33
17310,131020.68395256996,0.34
17320,131121.19006419182,0.3
17330,131208.8541212082,0.27
17340,131307.1097240448,0.28
17350,131389.33352708817,0.27
17360,131503.79020738602,0.29
17370,131610.91543865204,0.29
17380,131719.02998042107,0.3
17390,131822.554199934,0.31
17400,131926.67122983932,0.3
17410,132021.2719397545,0.3
17420,132113.48018431664,0.29
17430,132216.2817492485,0.3
17440,132304.6847565174,0.29
17450,132386.72985768318,0.29
17460,132464.78650689125,0.26
17470,132560.61627054214,0.26
17480,132652.26239585876,0.24
17490,132739.81292676926,0.23
17500,132840.92235422134,0.23
17510,132942.17627358437,0.22
17520,133040.88878273964,0.23
17530,133144.64227366447,0.24
17540,133231.52250480652,0.24
17550,133320.11632585526,0.24
17560,133399.2288019657,0.25
17570,133539.07609510422,0.29
17580,133654.23720622063,0.31
17590,133771.6341059208,0.34
17600,133857.7491528988,0.34
17610,133982.0369079113,0.38
17620,134079.32345461845,0.38
17630,134168.76550912857,0.36
17640,134254.97166895866,0.36
17650,134345.2521417141,0.36
17660,134425.9282128811,0.36
17670,134514.81164360046,0.32
17680,134610.37499666214,0.31
17690,134689.9777367115,0.28
17700,134818.32222390175,0.3
17710,134908.4047896862,0.26
17720,134993.2164170742,0.25
17730,135083.3130350113,0.25
17740,135168.52263450623,0.25
17750,135261.25137615204,0.26
17760,135373.46458244324,0.28
17770,135458.81791877747,0.27
17780,135545.92274665833,0.26
17790,135626.91851353645,0.26
17800,135718.54920434952,0.23
17810,135799.02117323875,0.23
17820,135892.41408014297,0.23
17830,135992.91594600677,0.24
17840,136081.1109919548,0.24
17850,136168.06733870506,0.23
17860,136251.590123415,0.21
17870,136381.03126764297,0.24
17880,136534.33810901642,0.29
17890,136615.88816094398,0.29
17900,136703.30694651604,0.29
17910,136849.14589762688,0.34
17920,136949.1501710415,0.35
17930,137034.63832998276,0.34
17940,137156.92858028412,0.36
17950,137259.0531873703,0.37
17960,137397.0010318756,0.41
17970,137504.8664932251,0.4
17980,137588.1004471779,0.35
17990,137681.39409685135,0.35
18000,137787.14021205902,0.36
18010,137874.04572987556,0.31
18020,138005.41079235077,0.32
18030,138117.7128455639,0.32
18040,138238.6030356884,0.31
18050,138390.50521469116,0.33
18060,138494.66886544228,0.3
18070,138595.12246584892,0.29
18080,138683.6845061779,0.29
18090,138776.54436063766,0.29
18100,138872.79484057426,0.29
18110,138975.61937212944,0.31
18120,139083.805457592,0.31
18130,139179.8770084381,0.32
18140,139274.75413799286,0.32
18150,139355.9697649479,0.29
18160,139447.13928866386,0.28
18170,139550.97166752815,0.28
18180,139643.8289656639,0.28
18190,139757.4113662243,0.3
18200,139869.83421993256,0.32
18210,139994.46733522415,0.33
18220,140082.31427192688,0.31
18230,140170.81232714653,0.3
18240,140281.70029330254,0.31
18250,140383.60851740837,0.32
18260,140507.67794442177,0.34
18270,140601.13794636726,0.33
18280,140687.23227524757,0.33
18290,140776.23394680023,0.31
18300,140889.37128520012,0.31
18310,140984.7844274044,0.29
18320,141099.9244735241,0.31
18330,141181.68565654755,0.31
18340,141274.08125662804,0.29
18350,141363.2144920826,0.28
18360,141447.8232445717,0.26
18370,141530.84523367882,0.26
18380,141625.9936580658,0.26
18390,141723.35991048813,0.26
18400,141817.25119185448,0.23
18410,141919.41613054276,0.23
18420,142043.42158913612,0.24
18430,142138.35643076897,0.25
18440,142236.6246304512,0.26
18450,142342.5447189808,0.27
18460,142453.13247561455,0.29
18470,142557.1968972683,0.3
18480,142651.02548146248,0.3
18490,142740.4668507576,0.3
18500,142871.27946662903,0.33
18510,142967.63356518745,0.32
18520,143061.7521800995,0.29
18530,143160.43115353584,0.29
18540,143234.25739336014,0.27
18550,143350.1325418949,0.29
18560,143443.91951060295,0.28
18570,143531.01383948326,0.27
18580,143627.6560435295,0.28
18590,143724.67713570595,0.29
18600,143834.12522387505,0.28
18610,143925.80072402954,0.28
18620,144013.27436304092,0.28
18630,144139.3565735817,0.3
18640,144230.8873577118,0.31
18650,144307.18038773537,0.27
18660,144451.72332715988,0.3
18670,144547.3699171543,0.3
18680,144669.5854666233,0.31
18690,144767.4769499302,0.31
18700,144864.42468070984,0.3
18710,144956.27771162987,0.31
18720,145043.16118764877,0.31
18730,145132.83007073402,0.28
18740,145216.81709432602,0.28
18750,145337.2651617527,0.32
18760,145459.01180386543,0.3
18770,145549.36373734474,0.3
18780,145632.69843316078,0.28
18790,145721.79462957382,0.27
18800,145868.33269762993,0.31
18810,146001.2453711033,0.34
18820,146113.48208928108,0.35
18830,146204.8473393917,0.35
18840,146303.43348169327,0.36
18850,146401.21889853477,0.33
18860,146538.1654601097,0.34
18870,146635.87693572044,0.34
18880,146734.23432374,0.35
18890,146822.21704745293,0.35
18900,146916.34415888786,0.3
18910,147020.13515257835,0.28
18920,147129.432867527,0.29
18930,147246.41505146027,0.31
18940,147333.98205184937,0.3
18950,147423.78913784027,0.3
18960,147558.13260746002,0.31
18970,147650.8220050335,0.31
18980,147749.18013882637,0.31
18990,147851.39575505257,0.32
19000,147950.67497348785,0.33
19010,148085.3268752098,0.35
19020,148167.91500735283,0.33
19030,148257.30897831917,0.31
19040,148360.55474066734,0.32
19050,148518.07316589355,0.38
19060,148620.24302983284,0.35
19070,148731.62458395958,0.37
19080,148848.74899029732,0.38
19090,148968.79219532013,0.39
19100,149069.10210943222,0.39
19110,149164.33708786964,0.35
19120,149252.82979488373,0.35
19130,149350.78653001785,0.36
19140,149441.60779380798,0.35
19150,149542.87714409828,0.31
19160,149634.8259882927,0.3
19170,149757.18678879738,0.31
19180,149844.29048132896,0.29
19190,149934.82697868347,0.27
19200,150031.22625279427,0.27
19210,150135.96248483658,0.28
19220,150227.9461941719,0.28
19230,150320.48652362823,0.27
19240,150429.03795027733,0.28
19250,150531.29497528076,0.27
19260,150705.0456457138,0.34
19270,150844.10720705986,0.35
19280,150958.86072969437,0.37
19290,151066.73374938965,0.38
19300,151151.5823943615,0.37
19310,151249.15455889702,0.37
19320,151333.9834856987,0.37
19330,151424.7427301407,0.37
19340,151513.07381606102,0.36
19350,151596.87133073807,0.35
19360,151686.68904781342,0.28
19370,151778.37621307373,0.24
19380,151894.22088885307,0.24
19390,152008.64815926552,0.26
19400,152129.92631936073,0.28
19410,152211.54003596306,0.26
19420,152330.1282708645,0.29
19430,152417.2240357399,0.29
19440,152528.5271446705,0.3
19450,152651.88601779938,0.32
19460,152744.87079238892,0.32
19470,152841.27345633507,0.33
19480,152935.11031770706,0.31
19490,153022.61444544792,0.28
19500,153122.85746383667,0.27
19510,153217.6206729412,0.28
19520,153323.6089067459,0.27
19530,153492.71138048172,0.33
19540,153599.08256316185,0.33
19550,153691.7271475792,0.31
19560,153793.30846714973,0.32
19570,153885.9155406952,0.31
19580,153978.92833018303,0.31
19590,154065.71618199348,0.31
19600,154159.89477300644,0.3
19610,154253.35570025444,0.3
19620,154344.53967428207,0.28
19630,154447.58379030228,0.24
19640,154562.51108813286,0.25
19650,154655.0763976574,0.25
19660,154747.38323259354,0.24
19670,154871.44510531425,0.26
19680,154961.97235894203,0.26
19690,155071.99527096748,0.28
19700,155159.28054475784,0.28
19710,155250.50315213203,0.28
19720,155351.6918346882,0.29
19730,155438.72364711761,0.27
19740,155545.1325929165,0.26
19750,155648.53729581833,0.27
19760,155748.32406139374,0.28
19770,155834.32374930382,0.26
19780,155926.30920028687,0.26
19790,156043.01710796356,0.26
19800,156131.10596346855,0.26
19810,156226.60447955132,0.27
19820,156328.57649159431,0.27
19830,156416.23669481277,0.27
19840,156508.36914515495,0.26
19850,156621.92702007294,0.26
19860,156721.53204870224,0.25
19870,156857.98001194,0.28
19880,157017.2866268158,0.32
19890,157124.4707121849,0.31
19900,157217.05497860909,0.31
19910,157311.20733428,0.3
19920,157403.56018686295,0.29
19930,157510.90423965454,0.3
19940,157645.42742037773,0.34
19950,157738.71352529526,0.33
19960,157831.92107892036,0.33
19970,157925.49129724503,0.3
19980,158017.13114643097,0.26
19990,158117.38204669952,0.26
20000,158212.70007801056,0.27
20010,158315.81759810448,0.27
20020,158408.06733560562,0.27
20030,158494.66418623924,0.26
20040,158613.96005272865,0.24
20050,158700.1104733944,0.24
20060,158793.15756130219,0.24
20070,158880.9845342636,0.24
20080,158973.64099526405,0.24
20090,159062.208060503,0.23
20100,159170.8986647129,0.23
20110,159265.53611278534,0.24
20120,159372.57312870026,0.25
20130,159482.83409309387,0.27
20140,159635.1354186535,0.3
20150,159722.6933119297,0.3
20160,159816.53993034363,0.31
20170,159925.27989530563,0.32
20180,160013.8922510147,0.32
20190,160131.6417825222,0.34
20200,160266.0779044628,0.36
20210,160374.39894557,0.36
20220,160466.7800040245,0.35
20230,160570.39804697037,0.34
20240,160663.29959225655,0.29
20250,160808.95234894753,0.33
20260,160895.70806860924,0.32
20270,160998.71571660042,0.32
20280,161093.24159049988,0.32
20290,161214.48949670792,0.33
20300,161309.34360337257,0.3
20310,161425.9009296894,0.31
20320,161519.8482348919,0.31
20330,161623.4458346367,0.31
20340,161756.58303785324,0.34
20350,161842.87903237343,0.3
20360,161928.98310160637,0.3
20370,162034.740786314,0.3
20380,162123.75025200844,0.3
20390,162226.72518467903,0.28
20400,162373.59768652916,0.31
20410,162477.75992512703,0.3
20420,162566.67486023903,0.3
20430,162669.77832436562,0.3
20440,162765.3250014782,0.27
20450,162869.66003584862,0.28
20460,162990.26362895966,0.3
20470,163079.17650079727,0.29
20480,163207.43314385414,0.32
20490,163378.02982401848,0.34
20500,163480.91208600998,0.32
20510,163574.24147176743,0.31
20520,163678.88888072968,0.33
20530,163764.98098421097,0.32
20540,163853.89539408684,0.32
20550,163962.04877591133,0.32
20560,164087.84868121147,0.33
20570,164245.48210549355,0.38
20580,164351.8917684555,0.36
20590,164471.78922724724,0.35
20600,164561.4000532627,0.34
20610,164680.45678567886,0.36
20620,164775.2797691822,0.34
20630,164887.8344540596,0.36
20640,164987.12403202057,0.37
20650,165076.2473692894,0.36
20660,165165.11374616623,0.33
20670,165255.4108018875,0.28
20680,165386.19382882118,0.3
20690,165493.13287234306,0.29
20700,165588.24307489395,0.29
20710,165675.35460853577,0.27
20720,165778.6160402298,0.28
20730,165874.0034224987,0.26
20740,166002.23503756523,0.28
20750,166117.8454515934,0.3
20760,166289.2110042572,0.36
20770,166387.83217978477,0.36
20780,166476.7769932747,0.33
20790,166565.18148446083,0.32
20800,166668.2711367607,0.33
20810,166748.87874913216,0.32
20820,166837.30714201927,0.31
20830,166949.26975369453,0.33
20840,167064.58317923546,0.32
20850,167158.6924135685,0.3
20860,167262.34989857674,0.25
20870,167379.33357715607,0.26
20880,167477.74497580528,0.27
20890,167610.55602788925,0.31
20900,167699.36800193787,0.3
20910,167809.4776585102,0.32
20920,167929.41161942482,0.34
20930,168018.59968924522,0.32
20940,168105.31453418732,0.3
20950,168194.38369584084,0.3
20960,168313.3692677021,0.31
20970,168422.3350405693,0.31
20980,168546.6514453888,0.32
20990,168642.91661286354,0.28
21000,168825.4837014675,0.35
21010,168919.7139196396,0.34
21020,169016.56492447853,0.32
21030,169144.92587161064,0.35
21040,169233.46569919586,0.35
21050,169326.82486200333,0.35
21060,169420.84944605827,0.33
21070,169545.38134860992,0.35
21080,169640.83598780632,0.33
21090,169767.01463150978,0.35
21100,169856.55241966248,0.28
21110,169950.98599171638,0.28
21120,170053.9530043602,0.29
21130,170148.62943553925,0.26
21140,170260.84181714058,0.28
21150,170361.2027437687,0.29
21160,170465.9032523632,0.3
21170,170555.38473796844,0.27
21180,170675.86516571045,0.29
21190,170780.7609887123,0.28
21200,170868.5834186077,0.28
21210,170969.8502047062,0.28
21220,171059.98975372314,0.27
21230,171180.4216439724,0.29
21240,171275.0051214695,0.27
21250,171365.74862647057,0.26
21260,171471.05242538452,0.26
21270,171600.7750287056,0.29
21280,171699.51964569092,0.28
21290,171789.02727508545,0.27
21300,171901.38950562477,0.28
21310,172024.55000019073,0.31
21320,172148.72274327278,0.33
21330,172245.06872701645,0.31
21340,172345.42067217827,0.31
21350,172440.5923895836,0.31
21360,172538.26385951042,0.31
21370,172651.60492181778,0.29
21380,172744.7489027977,0.28
21390,172862.9056866169,0.3
21400,172949.928691864,0.29
21410,173054.46352863312,0.27
21420,173162.10491657257,0.26
21430,173250.9619948864,0.26
21440,173356.82142043114,0.27
21450,173458.66683101654,0.28
21460,173607.87419867516,0.31
21470,173700.87953042984,0.3
21480,173808.0903301239,0.31
21490,173913.4989578724,0.3
21500,174009.00288414955,0.3
21510,174141.6893093586,0.32
21520,174277.7376346588,0.34
21530,174366.33775281906,0.34
21540,174487.10921645164,0.35
21550,174591.3042061329,0.35
21560,174679.91205477715,0.31
21570,174775.93799257278,0.31
21580,174871.89771056175,0.3
21590,174965.26386117935,0.29
21600,175068.5824072361,0.3
21610,175182.31765198708,0.29
21620,175285.9328637123,0.27
21630,175380.1139600277,0.27
21640,175493.13858747482,0.27
21650,175597.256857872,0.27
21660,175710.13108563423,0.29
21670,175829.90968680382,0.31
21680,175946.6260046959,0.32
21690,176041.00061655045,0.32
21700,176130.7493774891,0.31
21710,176239.927806139,0.3
21720,176344.83103251457,0.3
21730,176438.9161992073,0.3
21740,176533.02493739128,0.28
21750,176635.9041671753,0.28
21760,176741.76991057396,0.27
21770,176851.12733244896,0.26
21780,176995.08247709274,0.29
21790,177123.13125181198,0.32
21800,177218.76301550865,0.32
21810,177355.37273740768,0.34
21820,177451.6187081337,0.33
21830,177568.31055736542,0.35
21840,177668.8679203987,0.36
21850,177758.2310335636,0.35
21860,177865.0551891327,0.35
21870,177960.60985898972,0.34
21880,178057.5290606022,0.31
21890,178173.48801255226,0.3
21900,178360.07926368713,0.37
21910,178450.8666086197,0.34
21920,178548.39478349686,0.35
21930,178637.4877128601,0.33
21940,178763.61856889725,0.34
21950,178863.58853125572,0.34
21960,178954.29062247276,0.33
21970,179044.7659125328,0.33
21980,179146.77410006523,0.33
21990,179240.43923425674,0.31
22000,179343.53089141846,0.25
22010,179436.28843975067,0.25
22020,179549.57935285568,0.26
22030,179656.20380973816,0.27
22040,179749.01247167587,0.25
22050,179856.15078735352,0.26
22060,179944.45246839523,0.26
22070,180105.5778913498,0.31
22080,180202.13337254524,0.31
22090,180299.5850007534,0.31
22100,180410.6535680294,0.31
22110,180527.23521590233,0.33
22120,180651.64682388306,0.33
22130,180743.47745871544,0.32
22140,180880.8781850338,0.35
22150,181006.49015688896,0.36
22160,181122.13669538498,0.38
22170,181231.27719259262,0.34
22180,181339.20506381989,0.34
22190,181431.38244080544,0.34
22200,181522.0662674904,0.33
22210,181629.46195816994,0.32
22220,181735.647513628,0.31
22230,181827.37695336342,0.31
22240,181920.17879390717,0.28
22250,182051.0924589634,0.29
22260,182158.28388786316,0.28
22270,182248.60876011848,0.27
22280,182366.4212231636,0.27
22290,182473.40640687943,0.28
22300,182618.78762888908,0.32
22310,182738.05971813202,0.33
22320,182895.26978707314,0.37
22330,183005.60328054428,0.38
22340,183128.0667424202,0.4
22350,183235.45237922668,0.38
22360,183329.77376556396,0.37
22370,183427.5672905445,0.37
22380,183546.18663668633,0.39
22390,183683.1881916523,0.41
22400,183782.38607501984,0.37
22410,183873.29560542107,0.35
22420,184041.81217050552,0.35
22430,184238.60312223434,0.41
22440,184353.4221637249,0.41
22450,184453.4859149456,0.41
22460,184560.03115844727,0.42
22470,184651.22326111794,0.42
22480,184757.6519150734,0.4
22490,184936.37367248535,0.43
22500,185026.46702313423,0.43
22510,185130.48196172714,0.43
22520,185236.2309267521,0.39
22530,185343.36038470268,0.33
22540,185434.507563591,0.31
22550,185531.80082702637,0.3
22560,185636.45838928223,0.3
22570,185759.9049258232,0.32
22580,185848.90944337845,0.31
22590,185939.16103744507,0.25
22600,186036.37108278275,0.25
22610,186131.15553355217,0.25
22620,186235.30160927773,0.25
22630,186340.55184578896,0.25
22640,186447.10399460793,0.26
22650,186584.11715984344,0.3
22660,186676.525547266,0.29
22670,186778.6953678131,0.28
22680,186887.72372293472,0.29
22690,187003.60677075386,0.31
22700,187140.06897974014,0.34
22710,187247.4494395256,0.35
22720,187339.99391841888,0.34
22730,187431.22414636612,0.33
22740,187543.03106808662,0.34
22750,187632.70351600647,0.3
22760,187752.47701382637,0.32
22770,187870.591704607,0.33
22780,187975.07513809204,0.33
22790,188094.19194364548,0.33
22800,188186.85486888885,0.3
22810,188309.58972001076,0.31
22820,188409.42808127403,0.31
22830,188500.38234567642,0.31
22840,188666.96135234833,0.34
22850,188825.87031412125,0.38
22860,188943.25196790695,0.37
22870,189061.56212711334,0.37
22880,189163.44878602028,0.37
22890,189265.37831950188,0.36
22900,189374.59578347206,0.37
22910,189484.386613369,0.36
22920,189621.84492707253,0.39
22930,189738.3714902401,0.41
22940,189876.5258603096,0.39
22950,189968.60316371918,0.35
22960,190159.66510796547,0.41
22970,190325.68881964684,0.44
22980,190424.03291392326,0.43
22990,190515.68900036812,0.42
23000,190614.13612437248,0.41
23010,190741.5583603382,0.42
23020,190839.8799469471,0.39
23030,190969.73462700844,0.39
23040,191118.38931536674,0.4
23050,191227.3693573475,0.41
23060,191321.4265985489,0.34
23070,191420.89062786102,0.29
23080,191551.78824210167,0.31
23090,191684.6409716606,0.34
23100,191784.9876449108,0.34
23110,191882.55460858345,0.32
23120,191977.46344685555,0.32
23130,192086.42903733253,0.31
23140,192179.21313929558,0.27
23150,192276.59135508537,0.26
23160,192390.81604862213,0.27
23170,192488.06371045113,0.27
23180,192586.3074877262,0.25
23190,192717.46892285347,0.24
23200,192843.0831861496,0.26
23210,192948.71711611748,0.27
23220,193046.9953660965,0.27
23230,193154.1814789772,0.27
23240,193247.1732800007,0.27
23250,193339.30103707314,0.27
23260,193436.53567409515,0.26
23270,193572.67556786537,0.29
23280,193695.14764261246,0.31
23290,193819.65214300156,0.31
23300,193915.7974369526,0.29
23310,194021.11487913132,0.29
23320,194203.44361424446,0.35
23330,194356.88822722435,0.38
23340,194497.59082889557,0.42
23350,194597.8175997734,0.42
23360,194701.6844611168,0.43
23370,194801.64912748337,0.4
23380,194938.3799176216,0.41
23390,195035.68033885956,0.39
23400,195134.7534210682,0.4
23410,195226.7332277298,0.39
23420,195324.56406736374,0.33
23430,195449.31820106506,0.31
23440,195556.7165825367,0.28
23450,195672.33295965195,0.29
23460,195785.77580857277,0.29
23470,195883.68242788315,0.29
23480,195983.69028949738,0.27
23490,196140.83442020416,0.31
23500,196259.8613948822,0.31
23510,196366.59344744682,0.32
23520,196465.87150335312,0.32
23530,196557.54465651512,0.3
23540,196654.45638942719,0.29
23550,196752.5397350788,0.28
23560,196878.60109448433,0.3
23570,197021.11369037628,0.34
23580,197122.25196433067,0.34
23590,197224.22806072235,0.31
23600,197322.1885459423,0.3
23610,197429.4994225502,0.3
23620,197521.90406131744,0.3
23630,197652.60251641273,0.33
23640,197797.9234764576,0.36
23650,197895.73587346077,0.36
23660,197994.53759622574,0.33
23670,198090.95939564705,0.29
23680,198182.32936310768,0.28
23690,198300.94289183617,0.28
23700,198400.94867777824,0.28
23710,198514.53121995926,0.28
23720,198614.00520062447,0.28
23730,198713.91217970848,0.25
23740,198811.6677889824,0.22
23750,198902.82249736786,0.22
23760,198996.7452340126,0.22
23770,199115.6308104992,0.24
23780,199219.00201058388,0.25
23790,199317.57438707352,0.24
23800,199410.8985273838,0.24
23810,199504.18402409554,0.23
23820,199636.8671183586,0.25
23830,199777.24308514595,0.28
23840,199886.97295117378,0.29
23850,199987.94705200195,0.29
23860,200107.08079624176,0.31
23870,200222.95928001404,0.3
23880,200322.59861850739,0.29
23890,200438.31577181816,0.3
23900,200555.4226489067,0.32
23910,200709.99747920036,0.37
23920,200817.57239985466,0.36
23930,200911.09457921982,0.33
23940,201062.54020929337,0.36
23950,201172.07554006577,0.37
23960,201279.44549322128,0.36
23970,201387.2253024578,0.36
23980,201532.17742681503,0.4
23990,201655.56240057945,0.41
24000,201756.98865270615,0.39
24010,201848.8404736519,0.34
24020,201943.50379133224,0.33
24030,202050.1458389759,0.34
24040,202165.6790547371,0.32
24050,202310.13115549088,0.34
24060,202460.46644306183,0.37
24070,202567.93484711647,0.37
24080,202763.8536837101,0.39
24090,202903.43249750137,0.4
24100,203033.15289711952,0.42
24110,203167.31498646736,0.45
24120,203261.5886528492,0.45
24130,203373.90254044533,0.45
24140,203474.49492883682,0.43
24150,203573.96046996117,0.4
24160,203688.30417251587,0.37
24170,203834.3577697277,0.4
24180,203952.6640894413,0.36
24190,204079.6483952999,0.36
24200,204215.72287511826,0.37
24210,204317.5387275219,0.34
24220,204427.21567821503,0.35
24230,204599.30878448486,0.4
24240,204705.65837597847,0.4
24250,204798.42997217178,0.4
24260,204890.2337846756,0.39
24270,205046.66089391708,0.39
24280,205147.46531248093,0.37
24290,205258.5828151703,0.35
24300,205383.35484695435,0.34
24310,205520.74128198624,0.37
24320,205679.08096146584,0.4
24330,205818.26064825058,0.38
24340,205928.84695124626,0.39
24350,206069.3457210064,0.42
24360,206184.08243846893,0.43
24370,206323.34684348106,0.42
24380,206459.41493844986,0.45
24390,206569.2559108734,0.45
24400,206661.22419571877,0.43
24410,206838.88419008255,0.46
24420,206956.5197570324,0.43
24430,207125.5894832611,0.44
24440,207216.99850153923,0.43
24450,207355.42993950844,0.43
24460,207467.58759117126,0.43
24470,207561.23706936836,0.4
24480,207690.55423426628,0.39
24490,207829.78883838654,0.41
24500,207978.7137196064,0.44
24510,208117.24078464508,0.41
24520,208212.75220680237,0.4
24530,208322.1979048252,0.36
24540,208419.57723855972,0.36
24550,208540.8024725914,0.35
24560,208652.80426764488,0.35
24570,208749.14641356468,0.35
24580,208852.66780781746,0.33
24590,208965.517029047,0.31
24600,209073.5242395401,0.29
24610,209200.59261202812,0.28
24620,209311.07525897026,0.29
24630,209443.48472046852,0.31
24640,209556.92166137695,0.32
24650,209717.29961276054,0.34
24660,209814.15252757072,0.33
24670,209961.68463134766,0.37
24680,210073.46601057053,0.38
24690,210197.895925045,0.39
24700,210357.7220711708,0.42
24710,210477.00753116608,0.41
24720,210625.89326286316,0.44
24730,210841.9450263977,0.49
24740,210953.51251769066,0.49
24750,211047.4008975029,0.45
24760,211149.0361788273,0.45
24770,211251.2281279564,0.41
24780,211371.08043456078,0.42
24790,211491.77941465378,0.42
24800,211613.27823734283,0.39
24810,211753.87908554077,0.41
24820,211883.7778801918,0.39
24830,211980.57985901833,0.31
24840,212106.630797863,0.31
24850,212208.42946863174,0.31
24860,212327.94116210938,0.33
24870,212473.6090912819,0.36
24880,212568.58884382248,0.34
24890,212705.38607501984,0.35
24900,212869.99524998665,0.38
24910,212997.81157660484,0.37
24920,213108.82450675964,0.36
24930,213211.63282489777,0.36
24940,213333.68400526047,0.37
24950,213506.2858850956,0.42
24960,213629.92987656593,0.42
24970,213723.5219464302,0.39
24980,213867.493891716,0.42
24990,213995.43451404572,0.41
25000,214171.96411299706,0.43
25010,214301.5524303913,0.42
25020,214444.84529161453,0.44
25030,214541.4748775959,0.44
25040,214662.79601454735,0.44
25050,214771.12598633766,0.4
25060,214880.52156591415,0.39
25070,215006.18392705917,0.41
25080,215115.865357399,0.39
25090,215238.19904851913,0.39
25100,215371.24705815315,0.35
25110,215471.69606685638,0.34
25120,215581.17431783676,0.32
25130,215675.50116682053,0.32
25140,215775.5778324604,0.3
25150,215907.71696043015,0.31
25160,216045.40333080292,0.33
25170,216164.06604099274,0.33
25180,216278.3986339569,0.33
25190,216394.69083309174,0.32
25200,216511.07641768456,0.32
25210,216606.0145626068,0.32
25220,216717.88435435295,0.32
25230,216872.3640217781,0.37
25240,216992.18514561653,0.39
25250,217087.06000947952,0.37
25260,217219.70281624794,0.36
25270,217326.4972717762,0.35
25280,217421.26486635208,0.34
25290,217522.73402380943,0.33
25300,217629.08774209023,0.32
25310,217747.9057712555,0.33
25320,217842.98252534866,0.32
25330,218023.59845352173,0.33
25340,218189.17762851715,0.37
25350,218295.93208360672,0.38
25360,218402.76446676254,0.36
25370,218587.97838974,0.4
25380,218739.77148604393,0.44
25390,218836.51084303856,0.44
25400,218941.58448529243,0.44
25410,219067.82281565666,0.45
25420,219170.28068685532,0.45
25430,219273.88294148445,0.39
25440,219457.6283032894,0.39
25450,219576.75778770447,0.39
25460,219690.13898348808,0.4
25470,219826.02917408943,0.37
25480,219939.063331604,0.34
25490,220062.45742201805,0.36
25500,220194.02505087852,0.37
25510,220296.64144563675,0.35
25520,220434.79467225075,0.38
25530,220578.27579951286,0.41
25540,220715.26566910744,0.37
25550,220860.17227745056,0.39
25560,220976.5479848385,0.4
25570,221078.67210030556,0.38
25580,221191.42334794998,0.38
25590,221310.93727636337,0.37
25600,221451.71641397476,0.38
25610,221565.4230992794,0.39
25620,221720.564555645,0.4
25630,221867.3360042572,0.4
25640,221987.82710814476,0.39
25650,222105.53459334373,0.38
25660,222304.87699866295,0.43
25670,222423.0416879654,0.44
25680,222543.79541563988,0.44
25690,222711.8383731842,0.47
25700,222816.87397670746,0.44
25710,222936.7833418846,0.44
25720,223074.36020231247,0.42
25730,223179.34691905975,0.39
25740,223285.6360719204,0.38
25750,223395.01078915596,0.36
25760,223518.9705531597,0.31
25770,223639.15304732323,0.31
25780,223742.5808532238,0.3
25790,223899.1927602291,0.3
25800,224012.26189541817,0.31
25810,224163.1424934864,0.33
25820,224305.26799798012,0.34
25830,224449.4018394947,0.36
25840,224615.7761542797,0.41
25850,224730.50702404976,0.42
25860,224854.60182499886,0.42
25870,224949.64138531685,0.41
25880,225077.19785547256,0.42
25890,225207.65446591377,0.4
25900,225323.5454249382,0.4
25910,225436.78594636917,0.38
25920,225535.6856253147,0.35
25930,225646.50016069412,0.33
25940,225768.5639884472,0.29
25950,225925.2993569374,0.32
25960,226063.2712135315,0.34
25970,226216.15219163895,0.38
25980,226334.68777132034,0.39
25990,226446.922416687,0.38
26000,226583.25055980682,0.4
26010,226701.47827720642,0.41
26020,226817.83773899078,0.43
26030,227009.88170075417,0.49
26040,227141.8741455078,0.5
26050,227342.84946370125,0.54
26060,227440.07726597786,0.5
26070,227561.51405239105,0.47
26080,227734.2612156868,0.51
26090,227859.1491982937,0.52
26100,227967.87295675278,0.49
26110,228086.08631300926,0.48
26120,228223.8800022602,0.49
26130,228349.41604948044,0.45
26140,228464.0111477375,0.44
26150,228568.72471237183,0.36
26160,228671.87611103058,0.36
26170,228864.45908641815,0.41
26180,228979.87343001366,0.36
26190,229127.35993599892,0.37
26200,229241.1230492592,0.38
26210,229336.849493742,0.37
26220,229434.22086143494,0.34
26230,229586.55627202988,0.36
26240,229717.67917585373,0.38
26250,229956.61741900444,0.47
26260,230066.20509767532,0.48
26270,230220.11257863045,0.47
26280,230317.02590799332,0.46
26290,230444.03139019012,0.45
26300,230595.4888472557,0.48
26310,230735.3633723259,0.51
26320,230883.41947865486,0.55
26330,231037.11722016335,0.55
26340,231227.8415157795,0.58
26350,231326.4519457817,0.49
26360,231433.57993865013,0.49
26370,231536.84085965157,0.44
26380,231707.6627883911,0.49
26390,231822.7000219822,0.48
26400,231945.84118008614,0.46
26410,232126.35795664787,0.48
26420,232253.5282790661,0.46
26430,232390.20194149017,0.44
26440,232531.00429201126,0.41
26450,232724.86552095413,0.46
26460,232876.38908028603,0.49
26470,232982.5300219059,0.49
26480,233235.91692352295,0.55
26490,233390.97221326828,0.58
26500,233500.48190927505,0.56
26510,233690.57049751282,0.57
26520,233817.72314858437,0.57
26530,233962.80885744095,0.58
26540,234069.8361170292,0.55
26550,234193.88378882408,0.51
26560,234328.000218153,0.49
26570,234428.24188804626,0.49
26580,234604.3737604618,0.42
26590,234742.8731572628,0.41
26600,234866.82284927368,0.43
26610,234987.74770450592,0.38
26620,235094.4209754467,0.36
26630,235218.704102993,0.34
26640,235367.0431485176,0.38
26650,235517.88460540771,0.4
26660,235663.7933459282,0.41
26670,235874.84519195557,0.47
26680,236006.30650281906,0.44
26690,236120.72895097733,0.41
26700,236270.26035642624,0.43
26710,236463.0541460514,0.49
26720,236628.04297208786,0.53
26730,236833.56926059723,0.6
26740,236961.0237672329,0.57
26750,237078.5947892666,0.55
26760,237224.83782553673,0.55
26770,237362.8241467476,0.52
26780,237494.3591759205,0.54
26790,237622.77468585968,0.56
26800,237785.28308725357,0.56
26810,237919.48041844368,0.51
26820,238062.80775237083,0.5
26830,238228.11496829987,0.47
26840,238361.74229097366,0.48
26850,238483.7471253872,0.49
26860,238597.6840980053,0.46
26870,238762.35507202148,0.47
26880,238889.32273745537,0.46
26890,238990.5331966877,0.44
26900,239243.50785279274,0.51
26910,239366.53696417809,0.5
26920,239541.44575428963,0.52
26930,239721.4021704197,0.53
26940,239845.02262711525,0.52
26950,239956.9035437107,0.51
26960,240078.32507681847,0.53
26970,240213.55377554893,0.52
26980,240380.05381679535,0.54
26990,240556.69397115707,0.59
27000,240701.044775486,0.52
27010,240842.7076833248,0.54
27020,241009.64292812347,0.53
27030,241123.92152667046,0.47
27040,241248.67508292198,0.47
27050,241392.62205338478,0.49
27060,241516.12706661224,0.48
27070,241653.86297607422,0.48
27080,241831.69383859634,0.5
27090,241931.59985613823,0.45
27100,242047.75663256645,0.42
27110,242146.99784469604,0.39
27120,242307.7200987339,0.39
27130,242443.04009366035,0.41
27140,242557.5844874382,0.4
27150,242666.37092757225,0.38
27160,242766.29015302658,0.37
27170,242874.0439503193,0.34
27180,242975.34752488136,0.28
27190,243083.64322972298,0.28
27200,243198.6040534973,0.27
27210,243338.84815764427,0.3
27220,243499.99437999725,0.31
27230,243609.85120248795,0.3
27240,243784.94312882423,0.34
27250,243941.86469769478,0.37
27260,244098.7972562313,0.41
27270,244215.46089601517,0.42
27280,244376.44416499138,0.47
27290,244505.21108341217,0.49
27300,244650.31817436218,0.52
27310,244813.60214734077,0.53
27320,244930.7157201767,0.49
27330,245118.41113591194,0.54
27340,245243.46719646454,0.51
27350,245371.31973576546,0.49
27360,245507.77086663246,0.47
27370,245643.96171426773,0.48
27380,245750.4081041813,0.43
27390,245889.02034926414,0.43
27400,246050.17890620232,0.45
27410,246243.23370099068,0.47
27420,246379.84039711952,0.48
27430,246538.36866998672,0.46
27440,246652.63236761093,0.46
27450,246792.2575249672,0.47
27460,246916.47450566292,0.46
27470,247109.08779144287,0.5
27480,247244.57422304153,0.52
27490,247383.66614747047,0.52
27500,247525.63123059273,0.51
27510,247646.21014523506,0.45
27520,247823.23517036438,0.48
27530,247988.42869091034,0.48
27540,248171.3530125618,0.54
27550,248353.61600613594,0.56
27560,248510.8079879284,0.59
27570,248643.00951957703,0.54
27580,248750.74915599823,0.52
27590,248875.54336619377,0.51
27600,249000.6020011902,0.48
27610,249150.4878900051,0.52
27620,249259.4538216591,0.47
27630,249390.6370947361,0.44
27640,249536.53822088242,0.41
27650,249749.95085406303,0.43
27660,249900.5980014801,0.42
27670,250082.66010403633,0.47
27680,250207.21912789345,0.48
27690,250316.65918016434,0.47
27700,250454.35648155212,0.48
27710,250592.70196580887,0.47
27720,250755.36823940277,0.5
27730,250911.87641572952,0.53
27740,251083.91414690018,0.53
27750,251221.92519450188,0.48
27760,251340.16265392303,0.45
27770,251484.40904426575,0.41
27780,251611.22782588005,0.41
27790,251750.5595448017,0.43
27800,251896.65085625648,0.44
27810,252120.3890349865,0.47
27820,252264.02879953384,0.46
27830,252437.2742009163,0.46
27840,252568.12466716766,0.44
27850,252770.62706327438,0.48
27860,252918.7995581627,0.52
27870,253084.07318210602,0.55
27880,253291.01170945168,0.61
27890,253493.9139032364,0.67
27900,253677.9620809555,0.69
27910,253826.26321434975,0.66
27920,253995.7369365692,0.69
27930,254129.5887711048,0.66
27940,254284.5429315567,0.67
27950,254434.5013344288,0.64
27960,254579.04830169678,0.63
27970,254744.40960931778,0.61
27980,254889.87553048134,0.57
27990,255049.14029741287,0.52
28000,255198.2399609089,0.51
28010,255387.03825306892,0.55
28020,255526.0884373188,0.52
28030,255684.42617177963,0.56
28040,255835.23076581955,0.55
28050,256005.36509251595,0.55
28060,256151.4196293354,0.54
28070,256301.72909665108,0.54
28080,256468.28804564476,0.56
28090,256600.78117918968,0.55
28100,256727.8636059761,0.52
28110,256883.94107484818,0.49
28120,257065.18486571312,0.51
28130,257218.1919078827,0.49
28140,257367.7332251072,0.51
28150,257504.35191464424,0.5
28160,257706.84887433052,0.56
28170,257851.32123804092,0.55
28180,258004.91265511513,0.52
28190,258147.41573882103,0.52
28200,258321.81241607666,0.55
28210,258514.48543977737,0.56
28220,258685.8742351532,0.56
28230,258877.57805633545,0.58
28240,259057.93597126007,0.59
28250,259199.23450279236,0.6
28260,259376.14522910118,0.58
28270,259534.77362680435,0.61
28280,259706.6167140007,0.64
28290,259850.64906549454,0.64
28300,260029.53924536705,0.65
28310,260222.37519812584,0.66
28320,260367.45850396156,0.65
28330,260538.59181404114,0.64
28340,260704.60039901733,0.64
28350,260881.9754986763,0.66
28360,261049.02820801735,0.64
28370,261206.34186959267,0.63
28380,261342.9382226467,0.6
28390,261507.46251034737,0.63
28400,261704.04557418823,0.64
28410,261909.72813558578,0.65
28420,262064.27267551422,0.66
28430,262213.92014312744,0.65
28440,262372.8131842613,0.64
28450,262528.37487626076,0.62
28460,262664.28817272186,0.6
28470,262877.64303708076,0.64
28480,263104.7210826874,0.71
28490,263224.2688982487,0.66
28500,263382.52808332443,0.63
28510,263532.3538432121,0.6
28520,263717.4368417263,0.62
28530,263885.8901205063,0.63
28540,264056.92671227455,0.64
28550,264202.9157321453,0.63
28560,264406.64073872566,0.68
28570,264567.1288802624,0.64
28580,264787.77413129807,0.64
28590,264925.68605446815,0.65
28600,265117.3745648861,0.67
28610,265252.7304005623,0.65
28620,265436.7470405102,0.63
28630,265616.8578312397,0.64
28640,265775.96362280846,0.63
28650,265960.1117904186,0.67
28660,266107.07113575935,0.63
28670,266252.0209724903,0.62
28680,266386.389724493,0.55
28690,266556.7029623985,0.59
28700,266744.8630127907,0.6
28710,266945.1004951,0.63
28720,267133.5058078766,0.65
28730,267273.5725557804,0.62
28740,267468.64092326164,0.63
28750,267626.72453808784,0.61
28760,267783.5030093193,0.61
28770,268023.19103240967,0.66
28780,268176.0100605488,0.67
28790,268365.6632475853,0.68
28800,268552.327203989,0.67
28810,268702.900220871,0.65
28820,268897.5351443291,0.64
28830,269157.39519667625,0.73
28840,269338.51287198067,0.73
28850,269479.91522312164,0.72
28860,269665.7682991028,0.73
28870,269867.61021494865,0.72
28880,270047.89011693,0.74
28890,270213.7928876877,0.71
28900,270441.2463760376,0.73
28910,270580.1810762882,0.73
28920,270748.43178510666,0.71
28930,270892.34453201294,0.63
28940,271048.619102478,0.62
28950,271223.7072105408,0.63
28960,271396.815182209,0.64
28970,271546.57851314545,0.61
28980,271720.1722035408,0.61
28990,271878.7914457321,0.62
29000,272078.4211425781,0.62
29010,272251.0431523323,0.63
29020,272409.5951850414,0.63
29030,272579.1287460327,0.65
29040,272750.2516782284,0.65
29050,272877.5018501282,0.63
29060,273065.475215435,0.63
29070,273263.187690258,0.66
29080,273455.1272032261,0.67
29090,273639.4685280323,0.69
29100,273801.3211071491,0.66
29110,273991.0015876293,0.68
29120,274184.97075891495,0.71
29130,274387.59257769585,0.73
29140,274559.57357931137,0.74
29150,274746.5721728802,0.78
29160,274977.70266008377,0.81
29170,275170.6246826649,0.8
29180,275391.9361088276,0.81
29190,275599.74006032944,0.81
29200,275757.7686712742,0.81
29210,275983.5182003975,0.83
29220,276101.532156229,0.78
29230,276279.9950516224,0.76
29240,276527.5421588421,0.79
29250,276750.9895529747,0.8
29260,277001.5908873081,0.81
29270,277186.5385527611,0.8
29280,277382.27015805244,0.78
29290,277593.02300834656,0.79
29300,277782.94075989723,0.8
29310,277978.73021531105,0.79
29320,278181.43470048904,0.84
29330,278364.92875242233,0.84
29340,278525.39582133293,0.8
29350,278682.6244857311,0.77
29360,278871.74723243713,0.74
29370,279015.73017811775,0.71
29380,279234.5785911083,0.73
29390,279404.6404428482,0.71
29400,279590.3448238373,0.71
29410,279738.03754234314,0.67
29420,279941.190114975,0.67
29430,280124.1074831486,0.68
29440,280317.80846476555,0.7
29450,280536.50779795647,0.74
29460,280721.55729937553,0.73
29470,280918.15597486496,0.77
29480,281166.2488641739,0.8
29490,281365.7110788822,0.82
29500,281562.28417921066,0.83
29510,281733.5041127205,0.85
29520,281926.0430691242,0.85
29530,282144.28661608696,0.86
29540,282392.84635424614,0.89
29550,282595.88337779045,0.88
29560,282768.96536517143,0.88
29570,282930.1571483612,0.85
29580,283110.80416083336,0.81
29590,283356.0651476383,0.83
29600,283565.4229567051,0.84
29610,283761.6581981182,0.85
29620,284006.14535331726,0.87
29630,284201.1070854664,0.86
29640,284397.1098151207,0.82
29650,284606.69902300835,0.83
29660,284771.55581974983,0.83
29670,285020.7252204418,0.9
29680,285276.56900310516,0.93
29690,285484.4935531616,0.91
29700,285721.2061326504,0.92
29710,285995.806037426,0.98
29720,286176.10274767876,0.96
29730,286380.2825820446,0.97
29740,286536.96818995476,0.97
29750,286706.6558661461,0.93
29760,286907.23701262474,0.95
29770,287148.6681241989,0.93
29780,287309.4343986511,0.89
29790,287482.86055254936,0.88
29800,287701.53512072563,0.86
29810,287872.28614258766,0.79
29820,288129.24660634995,0.84
29830,288269.56592845917,0.79
29840,288476.110432148,0.81
29850,288696.2329854965,0.85
29860,288921.18808603287,0.85
29870,289158.991799593,0.86
29880,289403.8732049465,0.92
29890,289603.33166766167,0.93
29900,289783.34815239906,0.91
29910,289961.55598831177,0.91
29920,290196.7840151787,0.88
29930,290418.5050303936,0.94
29940,290607.81429338455,0.93
29950,290814.3513197899,0.92
29960,291035.4410088062,0.93
29970,291223.1371357441,0.9
29980,291441.5810482502,0.87
29990,291647.8318834305,0.86
30000,291897.40189671516,0.91
30010,292124.0633773804,0.93
30020,292323.7000594139,0.9
30030,292558.47850322723,0.91
30040,292728.72901058197,0.89
30050,292925.2640655041,0.88
30060,293105.26944470406,0.85
30070,293293.1722419262,0.85
30080,293454.19692254066,0.81
30090,293702.5931479931,0.85
30100,293889.4341416359,0.82
30110,294092.7041540146,0.81
30120,294320.0438711643,0.83
30130,294540.1261417866,0.81
30140,294736.0642094612,0.82
30150,294928.028888464,0.8
30160,295128.2202117443,0.82
30170,295359.45712041855,0.85
30180,295590.18363165855,0.9
30190,295837.8713645935,0.91
30200,296063.6251180172,0.93
30210,296226.19191479683,0.91
30220,296437.3834788799,0.91
30230,296653.22305488586,0.92
30240,296876.1136806011,0.96
30250,297129.20214414597,1.02
30260,297344.7790403366,1.04
30270,297590.18416810036,1.04
30280,297773.8641192913,1.01
30290,298058.12929701805,1.02
30300,298267.77150273323,1.01
30310,298477.33016085625,1.04
30320,298668.5135228634,1.03
30330,298854.67398405075,1.01
30340,299046.46352910995,0.98
30350,299239.6127796173,0.94
30360,299441.95897579193,0.92
30370,299686.0021164417,0.92
30380,299885.4521946907,0.92
30390,300088.66006708145,0.86
30400,300297.60784602165,0.86
30410,300442.67352581024,0.82
30420,300664.7848985195,0.84
30430,300832.0818011761,0.81
30440,301088.4620537758,0.86
30450,301323.5701160431,0.9
30460,301514.54293847084,0.89
30470,301700.34110450745,0.86
30480,301947.31178069115,0.89
30490,302149.96208000183,0.91
30500,302379.1812136173,0.92
30510,302580.6562972069,0.95
30520,302783.78212046623,0.93
30530,302966.4037184715,0.96
30540,303176.5570342541,0.91
30550,303374.00206542015,0.87
30560,303555.05098581314,0.87
30570,303796.62573337555,0.91
30580,303995.0417957306,0.88
30590,304230.9442412853,0.87
30600,304456.45208883286,0.87
30610,304682.2250816822,0.9
30620,304880.38317251205,0.9
30630,305100.3510248661,0.91
30640,305343.08216929436,0.93
30650,305599.9214878082,0.96
30660,305796.8473906517,0.96
30670,306000.0860154629,0.93
30680,306270.97791075706,0.98
30690,306510.7018508911,0.99
30700,306729.6845560074,1.0
30710,306998.0899128914,1.01
30720,307260.07805776596,1.06
30730,307507.7880294323,1.11
30740,307710.8304820061,1.1
30750,307994.5280325413,1.11
30760,308214.3748629093,1.12
30770,308445.8439414501,1.13
30780,308639.87164998055,1.08
30790,308828.9287929535,1.05
30800,309085.90907621384,1.05
30810,309299.5951309204,1.03
30820,309473.4073963165,0.96
30830,309693.03813266754,0.91
30840,309874.35508847237,0.9
30850,310105.1250784397,0.88
30860,310300.56441283226,0.87
30870,310499.7640862465,0.86
30880,310706.87943792343,0.86
30890,310955.841381073,0.91
30900,311198.89811468124,0.9
30910,311468.5049145222,0.93
30920,311667.37508678436,0.94
30930,311836.209993124,0.91
30940,311989.17771339417,0.88
30950,312253.6828787327,0.93
30960,312499.1290130615,0.95
30970,312729.4872441292,0.96
30980,312932.1038570404,0.98
30990,313251.7445139885,1.03
31000,313396.48879790306,0.98
31010,313651.6920802593,0.97
31020,313861.509036541,0.98
31030,314057.35073161125,0.99
31040,314291.50857686996,1.04
31050,314515.04195022583,0.99
31060,314633.71646380424,0.92
31070,314881.4891474247,0.94
31080,315047.39396572113,0.9
31090,315249.5090043545,0.81
31100,315431.9187786579,0.82
31110,315638.755007267,0.8
31120,315830.9139955044,0.8
31130,316012.22280168533,0.8
31140,316198.30841875076,0.78
31150,316469.8349702358,0.82
31160,316637.44563651085,0.85
31170,316886.544182539,0.84
31180,317032.49208950996,0.82
31190,317254.925467968,0.83
31200,317510.33502578735,0.89
31210,317741.23009967804,0.9
31220,317951.39903974533,0.91
31230,318201.2480635643,0.94
31240,318504.48506236076,1.01
31250,318733.3974199295,0.99
31260,318906.67900538445,1.0
31270,319142.7481415272,1.0
31280,319395.96747899055,1.09
31290,319574.7061357498,1.07
31300,319813.8197028637,1.05
31310,320007.29416394234,1.04
31320,320253.1349260807,1.07
31330,320457.5380997658,1.06
31340,320727.35699248314,1.04
31350,320938.03517889977,1.01
31360,321134.05401587486,1.02
31370,321391.7291073799,1.02
31380,321654.2649717331,1.01
31390,321861.7580528259,1.03
31400,322044.4348781109,1.01
31410,322256.9171669483,1.01
31420,322432.7668828964,0.95
31430,322619.1347029209,0.94
31440,322809.8831717968,0.88
31450,323041.95547032356,0.89
31460,323218.28533887863,0.88
31470,323462.70568704605,0.87
31480,323706.53234124184,0.87
31490,323949.62970995903,0.9
31500,324202.60504841805,0.94
31510,324428.66797065735,0.94
31520,324601.62480425835,0.93
31530,324840.0098929405,0.96
31540,324995.8095240593,0.95
31550,325220.12279725075,0.93
31560,325445.1978137493,0.95
31570,325649.2334780693,0.93
31580,325899.2059314251,0.93
31590,326054.2378511429,0.86
31600,326368.5893676281,0.88
31610,326585.4886353016,0.87
31620,326776.71796298027,0.9
31630,326944.72650790215,0.86
31640,327174.73772644997,0.89
31650,327367.53995752335,0.88
31660,327626.6729192734,0.89
31670,327927.5068016052,0.95
31680,328197.0421614647,0.95
31690,328457.22115564346,1.02
31700,328705.5914132595,0.99
31710,328915.2295856476,0.99
31720,329137.9529092312,1.0
31730,329332.7390694618,1.01
31740,329556.194003582,1.02
31750,329776.3093340397,1.04
31760,329969.06166911125,1.01
31770,330163.1420869827,0.94
31780,330405.0210926533,0.92
31790,330600.70414710045,0.88
31800,330774.4978661537,0.83
31810,331043.0824069977,0.87
31820,331246.85844397545,0.85
31830,331424.4850587845,0.83
31840,331617.18635201454,0.81
31850,331851.09737467766,0.83
31860,332049.08899593353,0.84
31870,332259.4408426285,0.86
31880,332461.7144920826,0.84
31890,332734.758112669,0.88
31900,332991.5888800621,0.94
31910,333184.27450704575,0.9
31920,333423.40914201736,0.93
31930,333626.35873508453,0.96
31940,333929.08552622795,1.04
31950,334118.1573455334,1.01
31960,334307.7440800667,1.01
31970,334458.9139280319,0.97
31980,334791.4427525997,1.04
31990,334990.50232696533,1.0
32000,335261.07065701485,1.01
32010,335416.7590973377,0.97
32020,335639.2861688137,0.97
32030,335802.2521481514,0.94
32040,336003.75502204895,0.85
32050,336183.3222849369,0.84
32060,336385.20114278793,0.84
32070,336597.4699754715,0.87
32080,336816.64559555054,0.82
32090,337031.4321024418,0.84
32100,337330.596449852,0.85
32110,337547.6740369797,0.9
32120,337696.3305449486,0.85
32130,337932.4980711937,0.89
32140,338099.41926670074,0.88
32150,338313.3812069893,0.9
32160,338469.0585870743,0.88
32170,338691.6853220463,0.9
32180,338922.53994345665,0.9
32190,339180.4190440178,0.91
32200,339396.9454693794,0.86
32210,339642.5657606125,0.88
32220,339936.88456726074,0.98
32230,340123.21608281136,0.95
32240,340349.8698272705,0.99
32250,340592.98006510735,1.02
32260,340950.5637757778,1.15
32270,341196.4704799652,1.16
32280,341468.0863161087,1.19
32290,341642.19799876213,1.14
32300,341826.37801647186,1.12
32310,342141.4450814724,1.17
32320,342250.5940563679,1.04
32330,342434.82195067406,1.04
32340,342682.25445342064,1.05
32350,342866.626349926,1.01
32360,343083.9316148758,0.91
32370,343343.9416782856,0.92
32380,343588.9370634556,0.9
32390,343816.9590034485,0.94
32400,344023.1027548313,0.96
32410,344223.2830429077,0.87
32420,344470.14511442184,0.96
32430,344780.2391371727,1.03
32440,345040.86199617386,1.03
32450,345327.49768424034,1.09
32460,345611.78805828094,1.13
32470,345855.08165311813,1.11
32480,346097.2960009575,1.1
32490,346357.5734746456,1.12
32500,346590.27308034897,1.14
