10,16.099619150161743,0.3
20,22.70142126083374,0.2
30,33.284801721572876,0.26666666666666666
40,43.063007831573486,0.275
50,55.155136823654175,0.32
60,67.39737725257874,0.35
70,78.76313924789429,0.37142857142857144
80,85.49965405464172,0.325
90,91.93364715576172,0.28888888888888886
100,98.18705368041992,0.26
110,104.77853631973267,0.23
120,111.4860451221466,0.23
130,121.70934438705444,0.22
140,132.96846866607666,0.23
150,142.17601943016052,0.2
160,151.9016773700714,0.18
170,160.5806291103363,0.15
180,172.14823079109192,0.2
190,180.616135597229,0.22
200,194.93766975402832,0.28
210,206.3336968421936,0.33
220,214.6855752468109,0.33
230,227.0767891407013,0.36
240,243.97922658920288,0.41
250,250.57459449768066,0.39
260,259.39057779312134,0.38
270,266.2913851737976,0.37
280,273.1429262161255,0.33
290,286.30388617515564,0.37
300,295.91528582572937,0.34
310,306.33237981796265,0.32
320,316.73283863067627,0.34
330,329.912802696228,0.35
340,339.5069603919983,0.29
350,351.54066705703735,0.34
360,362.2330720424652,0.35
370,368.8615629673004,0.34
380,378.87911081314087,0.36
390,392.84460282325745,0.36
400,404.05555033683777,0.37
410,410.957777261734,0.35
420,427.1654226779938,0.4
430,444.25726675987244,0.42
440,454.0534703731537,0.42
450,460.476135969162,0.37
460,466.59208607673645,0.34
470,473.7858738899231,0.35
480,488.6792232990265,0.38
490,497.10111832618713,0.34
500,505.9640712738037,0.32
510,515.7246539592743,0.34
520,524.2385687828064,0.28
530,532.518431186676,0.21
540,541.9745578765869,0.21
550,558.8823609352112,0.3
560,566.9541764259338,0.32
570,576.6575021743774,0.34
580,584.148619890213,0.29
590,593.440710067749,0.29
600,600.210232257843,0.27
610,606.7887122631073,0.24
620,615.0096724033356,0.23
630,625.2182903289795,0.25
640,633.2460958957672,0.23
650,639.750559091568,0.14
660,648.2304661273956,0.14
670,654.7667288780212,0.11
680,662.7145164012909,0.11
690,676.0879652500153,0.14
700,689.5049479007721,0.19
710,698.8144810199738,0.22
720,712.1018426418304,0.26
730,721.8362345695496,0.24
740,729.7350106239319,0.24
750,747.9100859165192,0.33
760,759.9636182785034,0.35
770,768.4339661598206,0.36
780,775.2289235591888,0.35
790,785.2407858371735,0.33
800,791.9237375259399,0.28
810,799.8016946315765,0.26
820,807.5858790874481,0.22
830,814.4819676876068,0.2
840,822.4547607898712,0.2
850,829.8124158382416,0.12
860,838.6755087375641,0.1
870,849.1043269634247,0.12
880,857.8918941020966,0.14
890,874.8803362846375,0.19
900,882.5033938884735,0.2
910,895.3222770690918,0.24
920,903.2477695941925,0.24
930,916.6656265258789,0.3
940,927.0709669589996,0.32
950,934.6470394134521,0.32
960,945.3534474372864,0.33
970,952.5276973247528,0.3
980,963.8358111381531,0.32
990,972.4087398052216,0.25
1000,979.1701250076294,0.24
1010,990.254656791687,0.22
1020,1006.4302656650543,0.29
1030,1017.7500476837158,0.26
1040,1026.2890186309814,0.24
1050,1036.360357284546,0.26
1060,1048.4274199008942,0.27
1070,1056.1957659721375,0.28
1080,1066.4830794334412,0.26
1090,1073.6887001991272,0.25
1100,1086.7853062152863,0.3
1110,1096.644523859024,0.3
1120,1107.6913747787476,0.26
1130,1119.5855767726898,0.27
1140,1132.4304659366608,0.31
1150,1140.1524209976196,0.29
1160,1155.172899723053,0.3
1170,1166.7321453094482,0.32
1180,1176.2492878437042,0.32
1190,1190.91175365448,0.38
1200,1201.456797361374,0.36
1210,1211.7581145763397,0.35
1220,1219.2680139541626,0.31
1230,1228.5835812091827,0.28
1240,1238.8231794834137,0.25
1250,1245.7606918811798,0.24
1260,1257.512972831726,0.22
1270,1264.9376428127289,0.19
1280,1273.7837126255035,0.18
1290,1287.2300775051117,0.17
1300,1297.113300561905,0.16
1310,1310.8906602859497,0.18
1320,1317.9279778003693,0.18
1330,1333.270798444748,0.22
1340,1343.770159959793,0.22
1350,1354.6974260807037,0.24
1360,1363.6767663955688,0.22
1370,1375.095934867859,0.25
1380,1385.899123430252,0.27
1390,1395.238894701004,0.23
1400,1410.7945494651794,0.26
1410,1418.4062612056732,0.22
1420,1426.714188337326,0.23
1430,1439.0679676532745,0.22
1440,1450.135456085205,0.23
1450,1461.778074979782,0.24
1460,1470.9161069393158,0.24
1470,1481.100872516632,0.23
1480,1498.3683154582977,0.27
1490,1508.5872554779053,0.28
1500,1524.0143654346466,0.29
1510,1536.048006772995,0.33
1520,1544.9880175590515,0.33
1530,1555.7092072963715,0.31
1540,1565.1352167129517,0.29
1550,1574.7557337284088,0.28
1560,1585.5447640419006,0.3
1570,1596.6185038089752,0.3
1580,1609.6459212303162,0.27
1590,1622.2188777923584,0.28
1600,1633.2913682460785,0.24
1610,1646.0608756542206,0.23
1620,1655.8550643920898,0.23
1630,1663.8345851898193,0.21
1640,1677.1229164600372,0.24
1650,1692.3055107593536,0.27
1660,1701.4684445858002,0.25
1670,1716.1115884780884,0.27
1680,1725.5542674064636,0.24
1690,1739.5130729675293,0.26
1700,1754.647624015808,0.28
1710,1763.0220317840576,0.25
1720,1774.072529554367,0.26
1730,1785.1566309928894,0.28
1740,1799.5822956562042,0.28
1750,1812.467812538147,0.27
1760,1825.8101785182953,0.3
1770,1834.0431756973267,0.26
1780,1846.2369184494019,0.28
1790,1856.3326432704926,0.24
1800,1868.282653093338,0.22
1810,1885.308082818985,0.28
1820,1896.089409828186,0.28
1830,1913.140961408615,0.32
1840,1932.5975000858307,0.35
1850,1945.737557888031,0.35
1860,1957.3086280822754,0.34
1870,1968.466341972351,0.36
1880,1986.61909365654,0.39
1890,1994.746098279953,0.38
1900,2004.0338735580444,0.37
1910,2018.0502665042877,0.35
1920,2028.4881052970886,0.34
1930,2037.768426656723,0.29
1940,2051.412460565567,0.25
1950,2066.6984622478485,0.26
1960,2078.1967771053314,0.25
1970,2087.354991912842,0.24
1980,2098.225513935089,0.2
1990,2108.541965007782,0.22
2000,2118.440564393997,0.22
2010,2131.385563135147,0.21
2020,2141.648035287857,0.21
2030,2151.4297256469727,0.21
2040,2161.8549239635468,0.19
2050,2176.5712089538574,0.18
2060,2192.494880437851,0.21
2070,2203.096122264862,0.21
2080,2218.738429784775,0.23
2090,2240.8598358631134,0.28
2100,2249.9593164920807,0.27
2110,2263.2910611629486,0.27
2120,2279.504968881607,0.31
2130,2297.143580198288,0.36
2140,2307.763270139694,0.36
2150,2327.275738954544,0.39
2160,2341.0544476509094,0.37
2170,2361.0095064640045,0.44
2180,2378.1180408000946,0.45
2190,2396.4927990436554,0.44
2200,2404.7337322235107,0.44
2210,2417.132333755493,0.43
2220,2427.9269001483917,0.39
2230,2438.211935520172,0.34
2240,2449.8007278442383,0.35
2250,2465.818587064743,0.32
2260,2478.2399611473083,0.31
2270,2491.222759962082,0.25
2280,2501.4351773262024,0.21
2290,2520.0655858516693,0.21
2300,2530.639639377594,0.22
2310,2541.4728186130524,0.21
2320,2551.626046895981,0.21
2330,2569.215498685837,0.25
2340,2582.121922016144,0.25
2350,2594.6833271980286,0.23
2360,2606.859457731247,0.23
2370,2620.4012038707733,0.24
2380,2629.972017765045,0.23
2390,2645.8776021003723,0.2
2400,2658.5055260658264,0.21
2410,2673.955428123474,0.23
2420,2690.1644434928894,0.26
2430,2702.6349728107452,0.23
2440,2716.3349187374115,0.24
2450,2727.6301488876343,0.23
2460,2750.8460524082184,0.29
2470,2761.8837265968323,0.27
2480,2771.1225924491882,0.27
2490,2787.2411618232727,0.29
2500,2807.022288799286,0.32
2510,2816.968050956726,0.29
2520,2831.081910610199,0.28
2530,2842.918870449066,0.27
2540,2856.8312182426453,0.27
2550,2871.631916284561,0.29
2560,2884.575962781906,0.23
2570,2898.6810686588287,0.25
2580,2919.3871936798096,0.32
2590,2937.9818546772003,0.32
2600,2948.0712082386017,0.27
2610,2957.584011077881,0.27
2620,2974.7058460712433,0.28
2630,2984.778502225876,0.27
2640,3000.974047422409,0.27
2650,3013.6225113868713,0.26
2660,3028.5669796466827,0.27
2670,3039.441845178604,0.25
2680,3053.343020439148,0.2
2690,3066.86399269104,0.17
2700,3087.948526620865,0.24
2710,3106.2716550827026,0.28
2720,3125.8379526138306,0.29
2730,3135.727635860443,0.29
2740,3160.477728843689,0.34
2750,3172.628917694092,0.33
2760,3196.982673406601,0.37
2770,3210.7763102054596,0.39
2780,3229.727876663208,0.41
2790,3245.066236972809,0.42
2800,3263.1507370471954,0.39
2810,3281.6828610897064,0.4
2820,3304.902832508087,0.42
2830,3321.2009394168854,0.46
2840,3339.4109988212585,0.42
2850,3357.959751367569,0.46
2860,3367.8560116291046,0.39
2870,3383.2671353816986,0.39
2880,3397.150779247284,0.37
2890,3413.0548095703125,0.37
2900,3426.7548155784607,0.35
2910,3439.6194055080414,0.31
2920,3451.4138939380646,0.25
2930,3467.723991394043,0.24
2940,3485.5378901958466,0.23
2950,3505.8028638362885,0.23
2960,3519.021464109421,0.24
2970,3542.1237568855286,0.27
2980,3553.4666659832,0.25
2990,3571.6823949813843,0.25
3000,3598.112813949585,0.3
3010,3614.9227180480957,0.32
3020,3629.278640985489,0.33
3030,3651.3841071128845,0.36
3040,3665.694950580597,0.35
3050,3680.40993309021,0.32
3060,3695.0639765262604,0.33
3070,3713.8682746887207,0.31
3080,3729.0870180130005,0.33
3090,3739.9189825057983,0.3
3100,3751.070014476776,0.23
3110,3763.645872592926,0.21
3120,3780.1468272209167,0.22
3130,3810.0422446727753,0.25
3140,3831.0508012771606,0.29
3150,3845.559646129608,0.29
3160,3863.136349916458,0.3
3170,3881.0201156139374,0.3
3180,3892.7311697006226,0.28
3190,3904.9293417930603,0.29
3200,3921.239690542221,0.32
3210,3932.074385404587,0.31
3220,3946.1075649261475,0.29
3230,3967.5460958480835,0.25
3240,3982.3642313480377,0.22
3250,4000.401303291321,0.24
3260,4015.9979479312897,0.24
3270,4030.7837133407593,0.22
3280,4046.3140285015106,0.24
3290,4067.128473997116,0.29
3300,4084.2572474479675,0.29
3310,4100.829039335251,0.32
3320,4114.619940519333,0.33
3330,4130.861988544464,0.31
3340,4147.022492647171,0.31
3350,4159.387475967407,0.28
3360,4179.4585750103,0.29
3370,4198.1985766887665,0.3
3380,4215.659702777863,0.32
3390,4227.586953163147,0.26
3400,4251.886887788773,0.3
3410,4262.482796907425,0.27
3420,4279.419923782349,0.28
3430,4300.349193096161,0.3
3440,4321.412636041641,0.32
3450,4347.546961784363,0.38
3460,4368.148474216461,0.39
3470,4384.273173332214,0.38
3480,4407.008222579956,0.4
3490,4422.0380423069,0.42
3500,4448.684506416321,0.43
3510,4473.836770772934,0.51
3520,4491.423213720322,0.52
3530,4518.648835659027,0.55
3540,4536.215807437897,0.53
3550,4564.9487092494965,0.54
3560,4579.680708885193,0.51
3570,4597.717026472092,0.53
3580,4616.057734489441,0.51
3590,4627.072976589203,0.49
3600,4639.560214281082,0.42
3610,4658.883074760437,0.38
3620,4669.627434253693,0.34
3630,4702.974112987518,0.37
3640,4732.442109107971,0.43
3650,4750.911114692688,0.39
3660,4762.339784622192,0.37
3670,4778.5373702049255,0.36
3680,4796.107625484467,0.35
3690,4814.222111463547,0.39
3700,4834.116053104401,0.42
3710,4850.674374103546,0.41
3720,4869.180276632309,0.45
3730,4884.13224697113,0.36
3740,4897.468069314957,0.28
3750,4919.522188663483,0.31
3760,4930.977557420731,0.31
3770,4952.248159170151,0.33
3780,4966.092598199844,0.31
3790,4998.7286376953125,0.38
3800,5024.919300556183,0.42
3810,5050.432396888733,0.46
3820,5072.408150196075,0.47
3830,5092.301100730896,0.49
3840,5105.3753135204315,0.49
3850,5121.050831794739,0.44
3860,5140.981564044952,0.49
3870,5155.439467668533,0.46
3880,5166.439925909042,0.45
3890,5187.391457557678,0.38
3900,5198.49374628067,0.3
3910,5211.667752981186,0.24
3920,5230.115789651871,0.22
3930,5252.563407659531,0.23
3940,5267.930186748505,0.24
3950,5298.063006401062,0.32
3960,5314.77000951767,0.3
3970,5338.212350606918,0.33
3980,5354.814728498459,0.35
3990,5385.697917699814,0.4
4000,5403.76576590538,0.43
4010,5418.141892194748,0.43
4020,5436.252698421478,0.43
4030,5452.548732280731,0.4
4040,5471.036779880524,0.41
4050,5494.965055942535,0.37
4060,5515.829149484634,0.39
4070,5537.740604877472,0.39
4080,5558.024392366409,0.41
4090,5581.269442558289,0.37
4100,5601.479310512543,0.38
4110,5629.950867652893,0.45
4120,5645.351008176804,0.44
4130,5669.590076684952,0.49
4140,5684.422209739685,0.48
4150,5707.08500289917,0.47
4160,5725.080502271652,0.45
4170,5740.965087890625,0.42
4180,5760.6030395030975,0.42
4190,5779.010364294052,0.4
4200,5794.666456699371,0.38
4210,5817.6384608745575,0.36
4220,5838.982262372971,0.38
4230,5858.905465126038,0.35
4240,5872.219874858856,0.34
4250,5885.336205244064,0.3
4260,5898.769078016281,0.28
4270,5920.0167689323425,0.31
4280,5949.821035146713,0.36
4290,5961.911089420319,0.33
4300,5973.684399843216,0.31
4310,5993.25886631012,0.29
4320,6016.07438492775,0.31
4330,6037.8740656375885,0.32
4340,6057.796037197113,0.36
4350,6073.453634738922,0.37
4360,6092.59086728096,0.4
4370,6120.837329864502,0.43
4380,6137.017027854919,0.37
4390,6155.219610214233,0.4
4400,6177.580161809921,0.46
4410,6190.925120592117,0.43
4420,6223.633075237274,0.48
4430,6245.219943523407,0.48
4440,6272.489924192429,0.5
4450,6306.478721380234,0.59
4460,6332.201016187668,0.62
4470,6346.47681927681,0.56
4480,6373.307270050049,0.6
4490,6402.75715470314,0.65
4500,6424.596845149994,0.65
4510,6438.637944936752,0.65
4520,6457.98569893837,0.57
4530,6474.0414044857025,0.54
4540,6485.647803544998,0.47
4550,6504.668571233749,0.39
4560,6515.735001564026,0.32
4570,6542.096466779709,0.37
4580,6564.070009469986,0.35
4590,6597.9730660915375,0.37
4600,6612.66450881958,0.33
4610,6643.80389213562,0.41
4620,6672.8731071949005,0.46
4630,6688.595059156418,0.47
4640,6723.366057634354,0.58
4650,6747.588838100433,0.61
4660,6764.187021017075,0.63
4670,6785.998229026794,0.61
4680,6809.367337226868,0.62
4690,6836.022624254227,0.58
4700,6859.922986507416,0.62
4710,6880.400168418884,0.57
4720,6907.158494472504,0.56
4730,6930.419846534729,0.58
4740,6954.8990268707275,0.54
4750,6978.600492954254,0.54
4760,6995.667015552521,0.55
4770,7012.323128461838,0.53
4780,7043.586072921753,0.55
4790,7064.63982963562,0.53
4800,7091.8339784145355,0.54
4810,7122.105904817581,0.61
4820,7140.355765581131,0.57
4830,7162.744702577591,0.58
4840,7184.6033754348755,0.55
4850,7206.995018720627,0.55
4860,7221.575939655304,0.54
4870,7257.086077213287,0.62
4880,7287.624602556229,0.62
4890,7306.820511341095,0.62
4900,7328.001595020294,0.59
4910,7361.859967708588,0.58
4920,7386.078384399414,0.61
4930,7409.459863901138,0.61
4940,7431.050729513168,0.61
4950,7461.569684743881,0.63
4960,7479.812611103058,0.64
4970,7497.615767240524,0.56
4980,7527.100905179977,0.57
4990,7545.065856933594,0.56
5000,7559.714087724686,0.53
5010,7586.8259971141815,0.49
5020,7601.062005519867,0.44
5030,7612.796862125397,0.38
5040,7646.232232570648,0.44
5050,7665.719615936279,0.39
5060,7684.795124053955,0.4
5070,7705.569827079773,0.41
5080,7726.719928741455,0.37
5090,7746.856152772903,0.39
5100,7776.744601488113,0.47
5110,7805.612405061722,0.48
5120,7821.170171260834,0.49
5130,7840.954908847809,0.52
5140,7857.596143484116,0.44
5150,7883.790844202042,0.48
5160,7909.208701133728,0.51
5170,7928.063518285751,0.51
5180,7953.4537262916565,0.52
5190,7984.312030076981,0.55
5200,8009.364915370941,0.52
5210,8032.503086566925,0.52
5220,8058.125788927078,0.57
5230,8075.689612150192,0.57
5240,8104.882385730743,0.63
5250,8131.014061450958,0.63
5260,8154.5105702877045,0.61
5270,8178.114963769913,0.64
5280,8196.232959270477,0.61
5290,8216.423088550568,0.57
5300,8242.581102848053,0.58
5310,8263.593798160553,0.55
5320,8293.071991205215,0.56
5330,8320.570856571198,0.6
5340,8341.298421144485,0.57
5350,8359.73604440689,0.53
5360,8380.709910392761,0.53
5370,8402.289048671722,0.51
5380,8430.371937990189,0.56
5390,8453.1787378788,0.57
5400,8490.592803239822,0.61
5410,8507.268065214157,0.59
5420,8537.261416912079,0.6
5430,8565.31077837944,0.6
5440,8587.409305810928,0.6
5450,8607.180089473724,0.61
5460,8627.464743852615,0.6
5470,8649.796297550201,0.6
5480,8679.14380288124,0.59
5490,8699.429503679276,0.58
5500,8716.502472877502,0.5
5510,8736.620713472366,0.52
5520,8757.281943559647,0.47
5530,8779.708400011063,0.45
5540,8806.27314734459,0.47
5550,8836.281024217606,0.52
5560,8859.21641778946,0.53
5570,8881.21536231041,0.53
5580,8900.750626564026,0.5
5590,8915.238807916641,0.47
5600,8933.523503303528,0.46
5610,8962.714638710022,0.5
5620,8988.055037260056,0.53
5630,9013.18105840683,0.53
5640,9058.599911212921,0.63
5650,9074.742547273636,0.56
5660,9101.509551525116,0.58
5670,9117.891913175583,0.54
5680,9135.433933258057,0.53
5690,9157.617582082748,0.56
5700,9170.374313116074,0.54
5710,9190.968332767487,0.5
5720,9208.69911980629,0.46
5730,9229.020735740662,0.45
5740,9260.307842969894,0.37
5750,9284.869771957397,0.4
5760,9309.31309056282,0.4
5770,9329.419864654541,0.42
5780,9350.562825679779,0.43
5790,9381.79597401619,0.47
5800,9412.35344672203,0.55
5810,9433.757295370102,0.55
5820,9457.788291454315,0.57
5830,9484.59809422493,0.59
5840,9517.58294916153,0.59
5850,9538.042172431946,0.58
5860,9574.97050666809,0.63
5870,9603.550968408585,0.66
5880,9638.547771930695,0.72
5890,9665.454818487167,0.7
5900,9686.175462722778,0.65
5910,9726.37418293953,0.74
5920,9751.395015716553,0.74
5930,9767.433017730713,0.7
5940,9786.523763418198,0.64
5950,9811.64324092865,0.67
5960,9835.08004450798,0.6
5970,9853.722516298294,0.57
5980,9874.773713350296,0.51
5990,9905.515627384186,0.55
6000,9927.783863782883,0.56
6010,9957.96636390686,0.51
6020,9989.985922574997,0.54
6030,10026.421006441116,0.64
6040,10054.284636735916,0.68
6050,10068.250126600266,0.61
6060,10090.747094392776,0.6
6070,10116.852044820786,0.63
6080,10142.306854963303,0.65
6090,10171.214721441269,0.63
6100,10195.062407016754,0.64
6110,10220.172873020172,0.61
6120,10249.548831701279,0.61
6130,10268.855313301086,0.52
6140,10297.365113735199,0.54
6150,10314.982084989548,0.56
6160,10340.1627805233,0.57
6170,10365.612885951996,0.57
6180,10393.901904344559,0.58
6190,10430.488945484161,0.62
6200,10472.371132850647,0.7
6210,10501.150985002518,0.71
6220,10527.161888837814,0.69
6230,10558.31021809578,0.74
6240,10576.76033616066,0.68
6250,10605.128400564194,0.72
6260,10624.423233747482,0.71
6270,10649.901792764664,0.7
6280,10675.028990268707,0.69
6290,10694.523775577545,0.6
6300,10719.92166018486,0.54
6310,10747.584040403366,0.54
6320,10775.997043848038,0.53
6330,10811.085995197296,0.53
6340,10832.225616693497,0.54
6350,10861.111966609955,0.55
6360,10895.351978302002,0.59
6370,10927.345992088318,0.62
6380,10956.025456428528,0.63
6390,10979.480730056763,0.65
6400,10993.555444478989,0.58
6410,11014.412017822266,0.55
6420,11039.188188314438,0.55
6430,11064.913425207138,0.52
6440,11080.632854223251,0.49
6450,11105.6062438488,0.47
6460,11127.161634206772,0.42
6470,11152.482616901398,0.38
6480,11196.643971204758,0.43
6490,11228.196870565414,0.44
6500,11242.042935371399,0.44
6510,11268.294611930847,0.46
6520,11303.443722724915,0.51
6530,11347.037052869797,0.61
6540,11362.78081703186,0.61
6550,11385.548724651337,0.6
6560,11408.955904006958,0.62
6570,11435.465911626816,0.64
6580,11463.637039899826,0.58
6590,11495.63674235344,0.6
6600,11516.421946287155,0.64
6610,11548.003046274185,0.66
6620,11566.539611577988,0.58
6630,11593.44497013092,0.49
6640,11614.73937010765,0.51
6650,11655.80264043808,0.59
6660,11676.949023246765,0.58
6670,11690.853141784668,0.52
6680,11710.101585149765,0.49
6690,11731.320438146591,0.44
6700,11771.001998662949,0.5
6710,11817.089842319489,0.56
6720,11835.410942792892,0.56
6730,11872.535012722015,0.6
6740,11910.54215168953,0.67
6750,11948.830810546875,0.66
6760,11982.187425374985,0.71
6770,12020.734331607819,0.82
6780,12043.48910856247,0.83
6790,12077.742872953415,0.88
6800,12123.96344256401,0.91
6810,12139.966234922409,0.79
6820,12161.12548661232,0.8
6830,12200.76476073265,0.8
6840,12236.270307779312,0.8
6850,12272.469982147217,0.78
6860,12286.226685762405,0.69
6870,12328.586023330688,0.7
6880,12359.00285243988,0.73
6890,12388.932464122772,0.71
6900,12414.162971019745,0.63
6910,12440.589273691177,0.67
6920,12468.465745687485,0.69
6930,12491.991955518723,0.63
6940,12527.847981452942,0.62
6950,12547.82596731186,0.56
6960,12571.739782571793,0.6
6970,12596.637318611145,0.53
6980,12633.231822013855,0.55
6990,12658.35298037529,0.54
7000,12685.646341085434,0.54
7010,12711.316771745682,0.53
7020,12741.279793739319,0.54
7030,12778.99806547165,0.59
7040,12809.416500091553,0.56
7050,12836.816810131073,0.58
7060,12861.718655347824,0.58
7070,12882.63812303543,0.55
7080,12915.58923959732,0.52
7090,12941.281635284424,0.52
7100,12969.682988405228,0.52
7110,12998.60016965866,0.54
7120,13022.05171751976,0.52
7130,13048.810124397278,0.49
7140,13079.371582508087,0.5
7150,13105.552649497986,0.49
7160,13122.167385816574,0.46
7170,13154.858843564987,0.51
7180,13177.970892190933,0.48
7190,13208.598076581955,0.5
7200,13241.101958274841,0.52
7210,13258.436647891998,0.47
7220,13301.91153049469,0.54
7230,13353.222143650055,0.62
7240,13380.776360750198,0.61
7250,13421.621035814285,0.66
7260,13464.621097564697,0.74
7270,13497.51290345192,0.73
7280,13535.220449209213,0.77
7290,13561.031834840775,0.75
7300,13589.659539937973,0.74
7310,13613.167890310287,0.76
7320,13663.59341955185,0.78
7330,13698.983037948608,0.71
7340,13717.41965341568,0.66
7350,13754.223890781403,0.66
7360,13792.381759166718,0.66
7370,13828.328665494919,0.68
7380,13866.067068338394,0.7
7390,13892.819442272186,0.69
7400,13916.589709281921,0.67
7410,13940.120589733124,0.67
7420,13971.895254611969,0.6
7430,13996.301757574081,0.57
7440,14024.584832906723,0.61
7450,14049.639636278152,0.55
7460,14086.126250982285,0.54
7470,14119.781856060028,0.53
7480,14144.39393377304,0.47
7490,14168.626040935516,0.47
7500,14192.753768205643,0.47
7510,14225.864573001862,0.51
7520,14260.528984546661,0.54
7530,14284.706638813019,0.53
7540,14299.73160147667,0.48
7550,14333.582508325577,0.53
7560,14369.362379789352,0.53
7570,14390.645038366318,0.49
7580,14409.879007577896,0.47
7590,14436.576104164124,0.47
7600,14465.763165950775,0.49
7610,14490.694929122925,0.45
7620,14523.202120065689,0.42
7630,14563.967358350754,0.49
7640,14587.675951004028,0.52
7650,14603.08214879036,0.44
7660,14636.938989639282,0.42
7670,14663.15288066864,0.43
7680,14689.079227685928,0.46
7690,14718.021595478058,0.47
7700,14740.634128332138,0.44
7710,14777.984347343445,0.49
7720,14797.867196559906,0.45
7730,14827.011866569519,0.41
7740,14855.231050014496,0.43
7750,14896.170222997665,0.52
7760,14933.162677526474,0.54
7770,14969.640941381454,0.57
7780,15010.594303369522,0.63
7790,15035.46593952179,0.61
7800,15068.036408901215,0.64
7810,15102.0550262928,0.62
7820,15123.152951717377,0.63
7830,15159.723280668259,0.66
7840,15203.118893384933,0.71
7850,15225.156565189362,0.64
7860,15256.165843248367,0.62
7870,15297.496147632599,0.64
7880,15338.59019947052,0.63
7890,15376.14529800415,0.67
7900,15400.411033630371,0.65
7910,15426.235964775085,0.63
7920,15465.31491470337,0.69
7930,15507.004920244217,0.68
7940,15544.087447881699,0.67
7950,15570.863071203232,0.69
7960,15617.874101161957,0.74
7970,15654.210933685303,0.73
7980,15700.214060306549,0.73
7990,15739.662671804428,0.75
8000,15756.038788318634,0.71
8010,15800.676047325134,0.78
8020,15849.765133619308,0.82
8030,15882.290708780289,0.8
8040,15929.213983535767,0.81
8050,15996.968915224075,0.96
8060,16019.418582201004,0.87
8070,16061.617918252945,0.89
8080,16091.778897762299,0.86
8090,16122.754586219788,0.82
8100,16152.81445813179,0.87
8110,16203.234943389893,0.89
8120,16253.394361257553,0.89
8130,16283.630982398987,0.89
8140,16316.192372083664,0.85
8150,16352.640771150589,0.72
8160,16389.645530939102,0.77
8170,16429.81699538231,0.76
8180,16458.405248880386,0.74
8190,16502.803574085236,0.79
8200,16563.583881616592,0.88
8210,16608.56050491333,0.87
8220,16640.756776332855,0.79
8230,16676.201745033264,0.8
8240,16739.566227197647,0.9
8250,16799.681649923325,0.98
8260,16837.602584838867,0.99
8270,16879.740398168564,0.99
8280,16908.711795806885,1.0
8290,16944.91836166382,0.96
8300,16981.74325633049,0.88
8310,17028.10174202919,0.86
8320,17054.54801249504,0.84
8330,17099.842741966248,0.87
8340,17127.650943994522,0.75
8350,17151.286395788193,0.63
8360,17174.585049390793,0.57
8370,17199.160787820816,0.5
8380,17231.5667219162,0.51
8390,17277.206916093826,0.54
8400,17314.122950553894,0.55
8410,17339.967817544937,0.48
8420,17382.599746465683,0.54
8430,17425.89406466484,0.53
8440,17474.292793035507,0.59
8450,17495.907740592957,0.59
8460,17537.73461341858,0.67
8470,17574.103857040405,0.71
8480,17642.88276195526,0.84
8490,17676.65219116211,0.81
8500,17728.00653576851,0.86
8510,17762.593457460403,0.9
8520,17786.83694911003,0.84
8530,17836.889360427856,0.85
8540,17863.128010749817,0.79
8550,17901.99098777771,0.84
8560,17946.407977581024,0.84
8570,17970.242610692978,0.8
8580,18016.07455778122,0.7
8590,18059.296020507812,0.73
8600,18102.43243956566,0.68
8610,18136.61389231682,0.67
8620,18170.781772851944,0.7
8630,18211.831735610962,0.68
8640,18245.51899909973,0.7
8650,18277.48385119438,0.67
8660,18320.486867904663,0.66
8670,18371.117089033127,0.75
8680,18404.669888734818,0.71
8690,18447.165824890137,0.71
8700,18493.9901099205,0.73
8710,18540.908373594284,0.76
8720,18586.074292182922,0.79
8730,18645.820548772812,0.86
8740,18676.73330760002,0.85
8750,18711.44824695587,0.87
8760,18741.75058245659,0.83
8770,18782.55086374283,0.8
8780,18819.56360244751,0.81
8790,18859.11748433113,0.78
8800,18898.18899512291,0.76
8810,18931.171993732452,0.71
8820,18988.75173640251,0.77
8830,19026.32606267929,0.69
8840,19059.827895879745,0.69
8850,19097.01732826233,0.7
8860,19129.56062912941,0.7
8870,19156.707837104797,0.65
8880,19226.61289858818,0.76
8890,19273.65249800682,0.79
8900,19322.36785674095,0.83
8910,19375.439078092575,0.91
8920,19413.736259698868,0.84
8930,19453.891203165054,0.85
8940,19495.656923532486,0.87
8950,19537.31165933609,0.88
8960,19570.20573759079,0.88
8970,19588.612199544907,0.85
8980,19630.011617422104,0.76
8990,19679.21492409706,0.77
9000,19719.701750278473,0.73
9010,19800.729848384857,0.79
9020,19850.517331123352,0.82
9030,19898.409863948822,0.82
9040,19955.491750001907,0.87
9050,19977.75835299492,0.8
9060,20027.898064136505,0.85
9070,20090.481972694397,0.98
9080,20117.726723194122,0.93
9090,20168.244698762894,0.93
9100,20210.42699766159,0.94
9110,20229.89458012581,0.77
9120,20294.52881669998,0.82
9130,20331.926970005035,0.8
9140,20385.3430352211,0.79
9150,20427.07086610794,0.85
9160,20470.975932836533,0.85
9170,20530.003029584885,0.85
9180,20580.86062502861,0.91
9190,20634.6119658947,0.92
9200,20673.44463300705,0.9
9210,20717.8959004879,0.97
9220,20784.43812227249,0.95
9230,20811.510679483414,0.92
9240,20862.466081619263,0.91
9250,20912.861187696457,0.94
9260,20945.076120376587,0.89
9270,20985.044814109802,0.82
9280,21020.452171325684,0.79
9290,21061.250547885895,0.76
9300,21105.99175953865,0.79
9310,21152.77507662773,0.79
9320,21186.83601808548,0.7
9330,21219.7399559021,0.72
9340,21259.583491802216,0.7
9350,21323.55206298828,0.75
9360,21384.941059589386,0.82
9370,21442.82200908661,0.88
9380,21476.282657384872,0.87
9390,21535.41629219055,0.93
9400,21596.806607961655,0.96
9410,21629.45963859558,0.92
9420,21685.25443315506,1.0
9430,21724.522398471832,1.02
9440,21792.886927843094,1.12
9450,21826.03045964241,1.01
9460,21866.08095932007,0.95
9470,21898.92082452774,0.88
9480,21946.33065032959,0.93
9490,21979.71787762642,0.83
9500,22012.568421840668,0.75
9510,22079.696076869965,0.86
9520,22125.460430383682,0.81
9530,22165.913007974625,0.81
9540,22213.59366798401,0.72
9550,22266.775905132294,0.8
9560,22306.3240814209,0.8
9570,22356.08833527565,0.84
9580,22392.341081142426,0.8
9590,22452.22888827324,0.88
9600,22493.23020529747,0.91
9610,22536.769695997238,0.83
9620,22584.070473909378,0.84
9630,22627.081031560898,0.84
9640,22659.525814294815,0.79
9650,22697.95881843567,0.73
9660,22736.91660118103,0.74
9670,22776.040284633636,0.72
9680,22835.84495329857,0.79
9690,22867.555236816406,0.71
9700,22919.036923646927,0.73
9710,22960.995810747147,0.72
9720,22994.391887426376,0.67
9730,23076.55199623108,0.79
9740,23152.993946552277,0.92
9750,23190.93262529373,0.91
9760,23246.160135746002,0.95
9770,23283.828998565674,0.94
9780,23338.233900547028,0.92
9790,23376.147753238678,0.93
9800,23416.295539855957,0.91
9810,23466.813239336014,0.95
9820,23517.587991952896,1.0
9830,23566.970456123352,0.9
9840,23595.908908843994,0.76
9850,23679.745782852173,0.91
9860,23709.03874897957,0.84
9870,23772.65092945099,0.91
9880,23801.902990102768,0.83
9890,23845.392288923264,0.84
9900,23885.8117351532,0.83
9910,23948.558479070663,0.86
9920,23992.592187404633,0.84
9930,24040.940093755722,0.84
9940,24116.755846977234,0.96
9950,24184.285024881363,0.92
9960,24242.651023626328,0.98
9970,24284.93774652481,0.92
9980,24331.21477484703,0.97
9990,24392.015978097916,1.03
10000,24429.297656059265,1.02
10010,24499.46804046631,1.04
10020,24556.979555130005,1.08
10030,24602.274976730347,1.06
10040,24646.335507154465,0.98
10050,24701.881384134293,0.93
10060,24739.143010377884,0.88
10070,24776.079580307007,0.86
10080,24832.709802389145,0.89
10090,24890.411013126373,0.88
10100,24950.660884141922,0.94
10110,24996.439831495285,0.87
10120,25032.1621696949,0.81
10130,25088.64383339882,0.87
10140,25166.90300655365,0.91
10150,25242.983894586563,0.92
10160,25324.050068855286,1.06
10170,25406.393749713898,1.21
10180,25474.569801568985,1.23
10190,25536.75376677513,1.24
10200,25609.014852046967,1.28
10210,25652.209416627884,1.26
10220,25693.760729789734,1.26
10230,25759.786489725113,1.26
10240,25803.290868520737,1.21
10250,25851.102996349335,1.17
10260,25913.746951580048,1.09
10270,25961.62996649742,0.98
10280,25999.4436750412,0.9
10290,26043.0129840374,0.85
10300,26112.080507993698,0.83
10310,26173.689889431,0.88
10320,26233.12906551361,0.92
10330,26290.25590658188,0.89
10340,26345.284908294678,0.92
10350,26379.341017961502,0.88
10360,26412.278519153595,0.81
10370,26442.488608121872,0.74
10380,26501.14101433754,0.81
10390,26539.013600111008,0.79
10400,26571.593154907227,0.69
10410,26632.43284678459,0.7
10420,26677.11346888542,0.68
10430,26730.532784223557,0.66
10440,26788.469343185425,0.68
10450,26823.239745378494,0.68
10460,26871.833990097046,0.73
10470,26928.396020174026,0.8
10480,26985.915662765503,0.76
10490,27031.65801358223,0.77
10500,27117.425883054733,0.94
10510,27180.303459644318,0.95
10520,27215.144495487213,0.92
10530,27299.350023031235,0.99
10540,27337.576717853546,0.92
10550,27376.837903022766,0.93
10560,27427.62213087082,0.92
10570,27484.396862983704,0.95
10580,27513.363943338394,0.89
10590,27561.43404531479,0.9
10600,27626.387412309647,0.8
10610,27697.540178775787,0.82
10620,27753.76189017296,0.87
10630,27840.234778642654,0.88
10640,27862.892043352127,0.84
10650,27960.60804915428,0.99
10660,28022.154987573624,1.0
10670,28099.254372119904,1.03
10680,28159.417038679123,1.12
10690,28205.39087319374,1.12
10700,28253.05437040329,1.08
10710,28322.52790927887,1.04
10720,28384.43570804596,1.06
10730,28427.004981040955,0.95
10740,28507.072906255722,1.11
10750,28556.57037472725,0.98
10760,28654.005321979523,1.08
10770,28750.56990504265,1.14
10780,28823.42351961136,1.14
10790,28892.232747793198,1.18
10800,28952.92364525795,1.21
10810,29012.37680912018,1.2
10820,29084.68214726448,1.24
10830,29156.69676065445,1.33
10840,29192.13896226883,1.21
10850,29236.632435321808,1.19
10860,29294.86049747467,1.09
10870,29359.826902627945,0.98
10880,29387.524495124817,0.88
10890,29437.436601638794,0.84
10900,29498.29203391075,0.86
10910,29538.818969488144,0.81
10920,29612.68701481819,0.8
10930,29682.20877790451,0.78
10940,29744.753639936447,0.83
10950,29791.35548067093,0.83
10960,29860.3431828022,0.86
10970,29899.358013153076,0.8
10980,29990.485978364944,0.98
10990,30074.343052387238,1.05
11000,30139.67444086075,1.06
11010,30222.89598631859,1.15
11020,30279.944791316986,1.09
11030,30369.960823774338,1.14
11040,30409.943014621735,1.09
11050,30471.81207227707,1.14
11060,30519.172956705093,1.08
11070,30574.353566884995,1.12
11080,30642.78267264366,1.04
11090,30671.01305913925,0.91
11100,30724.29574084282,0.87
11110,30794.8849670887,0.85
11120,30840.640733242035,0.82
11130,30889.57207274437,0.71
11140,30962.996695756912,0.81
11150,31033.160818576813,0.82
11160,31076.668649435043,0.81
11170,31120.403169870377,0.78
11180,31174.717887163162,0.74
11190,31276.988957881927,0.92
11200,31340.4892578125,0.94
11210,31379.112006425858,0.86
11220,31463.848295211792,0.98
11230,31551.306812524796,1.08
11240,31599.807411670685,1.0
11250,31645.220809698105,0.96
11260,31694.192012548447,0.96
11270,31759.576495170593,1.02
11280,31844.69206237793,1.11
11290,31900.87757754326,1.0
11300,31995.884803771973,1.08
11310,32070.995943784714,1.15
11320,32159.09348011017,1.14
11330,32187.984974384308,0.99
11340,32235.332934617996,0.98
11350,32295.723745584488,1.01
11360,32368.44987630844,1.07
11370,32419.065235376358,1.03
11380,32490.464689731598,0.99
11390,32555.154948949814,1.02
11400,32597.410413503647,0.88
11410,32663.01062464714,0.87
11420,32737.18787240982,0.81
11430,32837.74965953827,1.01
11440,32955.66003346443,1.21
11450,33031.57404756546,1.24
11460,33079.94512939453,1.19
11470,33165.79551410675,1.26
11480,33271.3827586174,1.36
11490,33347.18001270294,1.38
11500,33430.4898853302,1.47
11510,33500.812358140945,1.49
11520,33559.90966773033,1.47
11530,33634.868780612946,1.39
11540,33748.417078733444,1.34
11550,33808.60019826889,1.3
11560,33874.3670167923,1.33
11570,33954.940450668335,1.34
11580,34041.894847393036,1.28
11590,34123.35383462906,1.29
11600,34175.212789058685,1.23
11610,34259.70120239258,1.26
11620,34342.933489084244,1.32
11630,34442.03168487549,1.38
11640,34499.546031951904,1.28
11650,34580.1741502285,1.33
11660,34677.53094506264,1.41
11670,34734.920048713684,1.35
11680,34848.38369202614,1.4
11690,34908.476779699326,1.34
11700,34979.45026564598,1.39
11710,35049.19004702568,1.34
11720,35111.39650821686,1.28
11730,35174.42720365524,1.17
11740,35246.267105817795,1.17
11750,35331.4600379467,1.17
11760,35396.39602184296,1.1
11770,35481.76698303223,1.16
11780,35579.18652629852,1.13
11790,35680.55532026291,1.22
11800,35713.78674006462,1.12
11810,35804.778131723404,1.18
11820,35880.41229891777,1.23
11830,35951.75730800629,1.25
11840,36015.817016124725,1.25
11850,36076.15070748329,1.2
11860,36150.42797636986,1.22
11870,36231.5588555336,1.21
11880,36319.0929043293,1.18
11890,36354.74672150612,1.04
11900,36438.86182308197,1.16
11910,36509.63899898529,1.1
11920,36574.16845870018,1.07
11930,36656.92147874832,1.12
11940,36741.23591566086,1.15
11950,36825.85510611534,1.21
11960,36912.175909519196,1.22
11970,36989.25067234039,1.21
11980,37075.34984469414,1.21
11990,37176.81948161125,1.36
12000,37246.15433502197,1.34
12010,37317.98599410057,1.35
12020,37372.26478433609,1.31
12030,37462.48703241348,1.31
12040,37546.95629239082,1.32
12050,37657.69786310196,1.38
12060,37743.88877534866,1.39
12070,37856.83198595047,1.47
12080,37956.77576255798,1.51
12090,38061.12369060516,1.52
12100,38121.88852071762,1.48
12110,38235.10687208176,1.56
12120,38338.189291238785,1.69
12130,38443.469751119614,1.73
12140,38536.73095846176,1.73
12150,38665.900923490524,1.79
12160,38810.82544708252,1.93
12170,38894.814009428024,1.86
12180,38966.20457601547,1.78
12190,39033.56330871582,1.68
12200,39130.73267698288,1.75
12210,39195.658241033554,1.65
12220,39270.141340732574,1.57
12230,39397.210057258606,1.61
12240,39492.856570482254,1.64
12250,39589.85571360588,1.53
12260,39688.68866658211,1.41
12270,39735.69692444801,1.33
12280,39807.85376191139,1.34
12290,39939.52357316017,1.51
12300,40029.56751346588,1.52
12310,40135.158230781555,1.62
12320,40232.632070064545,1.68
12330,40300.40249681473,1.55
12340,40405.430619478226,1.55
12350,40516.17690420151,1.56
12360,40593.632272958755,1.51
12370,40651.170978307724,1.53
12380,40787.45100522041,1.67
12390,40896.220467329025,1.6
12400,40942.07830166817,1.48
12410,41031.559488773346,1.43
12420,41119.76602482796,1.39
12430,41193.329610824585,1.39
12440,41297.60670399666,1.41
12450,41387.74625658989,1.38
12460,41482.45099401474,1.42
12470,41615.71972680092,1.59
12480,41711.38194131851,1.48
12490,41819.55686497688,1.47
12500,41935.78342747688,1.62
12510,42022.44509291649,1.62
12520,42129.85500073433,1.68
12530,42218.96995925903,1.71
12540,42333.16301250458,1.72
12550,42431.65999317169,1.75
12560,42531.49016618729,1.75
12570,42599.39952635765,1.59
12580,42739.000005960464,1.7
12590,42881.94816017151,1.79
12600,42986.95081830025,1.79
12610,43096.78681874275,1.83
12620,43221.50091505051,1.83
12630,43274.95329236984,1.76
12640,43393.11352968216,1.76
12650,43510.04403090477,1.76
12660,43600.75192785263,1.73
12670,43715.32259774208,1.83
12680,43801.01146483421,1.71
12690,43912.47701191902,1.64
12700,43980.81899189949,1.55
12710,44101.83903360367,1.53
12720,44189.67801094055,1.47
12730,44310.820608854294,1.62
12740,44442.14607834816,1.65
12750,44523.90177607536,1.6
12760,44637.20166349411,1.66
12770,44767.43205666542,1.68
12780,44896.09757089615,1.76
12790,45017.43753218651,1.75
12800,45148.52594089508,1.86
12810,45315.16374325752,1.97
12820,45410.17388629913,1.98
12830,45497.58156347275,1.89
12840,45656.07934165001,1.96
12850,45771.61916255951,2.02
12860,45827.24101281166,1.9
12870,45959.89989209175,1.9
12880,46112.86261177063,1.92
12890,46248.35595726967,1.96
12900,46360.9336938858,1.94
12910,46470.313836336136,1.84
12920,46604.17826294899,1.94
12930,46777.26269078255,2.14
12940,46896.11405158043,2.04
12950,47029.55267906189,2.07
12960,47119.92398357391,2.14
12970,47306.01299905777,2.27
12980,47411.80603098869,2.2
12990,47529.33883166313,2.17
13000,47664.51597929001,2.23
13010,47823.56670117378,2.33
13020,48014.42494535446,2.43
13030,48201.63850927353,2.45
13040,48319.5512304306,2.42
13050,48455.03796815872,2.43
13060,48582.13541007042,2.51
13070,48666.99389767647,2.27
13080,48794.37342596054,2.29
13090,48913.349545001984,2.28
13100,49030.82264947891,2.21
13110,49124.73874974251,2.06
13120,49217.051970243454,1.86
13130,49388.15941286087,1.81
13140,49477.20683813095,1.76
13150,49570.10113334656,1.66
13160,49672.60946941376,1.59
13170,49826.33133125305,1.77
13180,49898.53359389305,1.67
13190,50002.11199975014,1.62
13200,50179.73839664459,1.74
13210,50347.301445007324,1.87
13220,50544.96393442154,2.08
13230,50720.511023044586,2.09
13240,50957.96605157852,2.38
13250,51069.028728961945,2.43
13260,51221.71383523941,2.55
13270,51417.74651503563,2.61
13280,51641.465988874435,2.87
13290,51732.977591991425,2.85
13300,51866.759425640106,2.75
13310,51984.52198410034,2.66
13320,52105.42255234718,2.48
13330,52190.72081184387,2.27
13340,52349.00058174133,2.1
13350,52507.43354177475,2.18
13360,52684.1550590992,2.2
13370,52811.87356424332,2.07
13380,52955.86298704147,1.93
13390,53127.74476838112,2.05
13400,53267.36525392532,2.06
13410,53371.29984307289,2.03
13420,53575.29494380951,2.2
13430,53708.03192424774,2.32
13440,53947.60967731476,2.49
13450,54030.26806592941,2.33
13460,54158.511795043945,2.22
13470,54354.21949982643,2.32
13480,54531.09787297249,2.38
13490,54662.2932240963,2.31
13500,54845.77127599716,2.38
13510,54947.35098838806,2.39
13520,55162.48454236984,2.37
13530,55330.70470356941,2.41
13540,55451.12006998062,2.15
13550,55621.064930677414,2.29
13560,55771.75972414017,2.34
13570,55881.056831121445,2.15
13580,55974.24791455269,2.0
13590,56094.790884017944,1.97
13600,56244.73184776306,1.9
13610,56458.13505792618,1.89
13620,56588.86891913414,1.74
13630,56694.75395298004,1.63
13640,56895.32096648216,1.81
13650,57105.954815387726,1.94
13660,57279.99835586548,1.98
13670,57359.16515827179,1.94
13680,57583.43494558334,2.16
13690,57784.03579759598,2.33
13700,57976.885327100754,2.43
13710,58179.198137521744,2.6
13720,58307.46381688118,2.61
13730,58459.104850292206,2.69
13740,58572.99065518379,2.51
13750,58723.01450562477,2.36
13760,58839.40083646774,2.24
13770,58997.14205956459,2.4
13780,59198.58837532997,2.37
13790,59391.759550094604,2.34
13800,59601.60390996933,2.35
13810,59765.40056729317,2.28
13820,59977.25823712349,2.44
13830,60153.01080060005,2.48
13840,60319.977372169495,2.57
13850,60533.09958553314,2.69
13860,60684.141875743866,2.73
13870,60953.4372279644,2.91
13880,61240.8089261055,2.99
13890,61338.26918077469,2.8
13900,61461.632949113846,2.63
13910,61619.80391860008,2.63
13920,61691.557109594345,2.34
13930,61882.45540833473,2.33
13940,62095.31447005272,2.36
13950,62262.01382303238,2.26
13960,62438.40943527222,2.33
13970,62643.93691730499,2.19
13980,62766.97500061989,1.93
13990,63025.0076007843,2.2
14000,63280.46922850609,2.44
14010,63482.38098669052,2.49
14020,63710.20767235756,2.74
14030,63934.53789615631,2.82
14040,64145.32497239113,2.85
14050,64319.83877301216,2.86
14060,64546.192586660385,2.92
14070,64710.85964155197,2.83
14080,64873.67475056648,2.9
14090,65097.88248515129,2.85
14100,65348.13185977936,2.8
14110,65544.24932050705,2.77
14120,65816.47390151024,2.83
14130,65910.88122415543,2.61
14140,66099.3579442501,2.57
14150,66306.20083379745,2.62
14160,66453.41787195206,2.5
14170,66635.03911280632,2.53
14180,66804.7264714241,2.52
14190,67057.60664844513,2.51
14200,67270.49450802803,2.45
14210,67469.07988762856,2.46
14220,67705.60747694969,2.38
14230,67876.93404865265,2.48
14240,68059.4516324997,2.45
14250,68199.034948349,2.32
14260,68346.37966418266,2.3
14270,68563.62969183922,2.33
14280,68771.67728281021,2.37
14290,68911.9548034668,2.23
14300,69073.15832734108,2.14
14310,69261.242872715,2.1
14320,69430.14194703102,2.02
14330,69760.90184473991,2.27
14340,69966.80899453163,2.28
14350,70158.2184343338,2.38
14360,70386.5156378746,2.51
14370,70687.86212801933,2.65
14380,70923.72020578384,2.7
14390,71205.25497865677,2.91
14400,71474.04894804955,3.06
14410,71648.69565057755,3.06
14420,71915.87141823769,3.21
14430,72250.97839784622,3.18
14440,72449.6700565815,3.18
14450,72658.1048488617,3.18
14460,72960.27993273735,3.28
14470,73266.1166548729,3.28
14480,73416.5618686676,3.14
14490,73724.979834795,3.17
14500,74236.61383128166,3.31
14510,74744.65286207199,3.55
14520,75165.59957504272,3.61
14530,75539.0841884613,3.46
14540,76041.8639831543,3.7
14550,76477.40062093735,3.87
14560,76806.54384422302,3.77
14570,77311.96328473091,3.82
14580,77883.93937373161,4.26
14590,78313.85298871994,4.29
14600,78571.7969493866,4.02
14610,78828.68377017975,3.8
14620,79156.01448392868,3.77
14630,79458.24476242065,3.84
14640,79685.67161607742,3.62
