10,1.590358018875122,0.0
20,58.17908573150635,0.1
30,87.65384078025818,0.06666666666666667
40,116.88041400909424,0.05
50,146.27002477645874,0.04
60,218.59729194641113,0.16666666666666666
70,266.1119337081909,0.2
80,316.66431069374084,0.225
90,355.4760398864746,0.2222222222222222
100,397.1524143218994,0.22
110,426.4374408721924,0.22
120,482.15811467170715,0.25
130,516.1356780529022,0.26
140,569.6977250576019,0.3
150,608.350418806076,0.32
160,637.3749468326569,0.24
170,666.0974078178406,0.2
180,701.0492684841156,0.17
190,742.8646733760834,0.17
200,788.6833786964417,0.18
210,839.3000991344452,0.22
220,873.8912558555603,0.18
230,927.986626625061,0.21
240,1005.6636662483215,0.26
250,1084.3243584632874,0.33
260,1137.1231107711792,0.37
270,1176.1918981075287,0.39
280,1240.818873167038,0.44
290,1287.155960559845,0.46
300,1334.2195644378662,0.47
310,1372.1944243907928,0.45
320,1417.0195891857147,0.47
330,1473.3457849025726,0.49
340,1523.8985936641693,0.44
350,1569.4856600761414,0.38
360,1621.0002527236938,0.39
370,1650.0165283679962,0.37
380,1688.6749198436737,0.33
390,1730.541336297989,0.31
400,1758.893713235855,0.27
410,1798.4936196804047,0.27
420,1838.5702936649323,0.26
430,1881.8550288677216,0.23
440,1931.4710371494293,0.23
450,1984.3837497234344,0.25
460,2027.5394554138184,0.22
470,2061.445081472397,0.23
480,2133.3083169460297,0.29
490,2163.464805841446,0.27
500,2210.61301612854,0.3
510,2248.1014478206635,0.3
520,2289.2166953086853,0.3
530,2326.40105843544,0.28
540,2356.6616773605347,0.24
550,2413.497460603714,0.24
560,2460.359754562378,0.25
570,2517.3046107292175,0.29
580,2565.2878892421722,0.24
590,2609.0348801612854,0.26
600,2654.7684659957886,0.26
610,2692.991567134857,0.25
620,2746.395889520645,0.27
630,2788.775421142578,0.28
640,2833.554813146591,0.31
650,2868.903930902481,0.27
660,2911.5605249404907,0.26
670,2942.44046998024,0.21
680,2974.236841201782,0.18
690,3009.370898962021,0.17
700,3048.8541448116302,0.16
710,3122.0433325767517,0.22
720,3177.734113931656,0.22
730,3209.0382142066956,0.2
740,3273.9326436519623,0.23
750,3330.007255792618,0.26
760,3382.938906431198,0.28
770,3415.1501512527466,0.28
780,3478.7034826278687,0.33
790,3538.141683101654,0.36
800,3579.090893268585,0.36
810,3610.910646915436,0.29
820,3646.671595096588,0.26
830,3679.3431601524353,0.26
840,3751.656674146652,0.26
850,3784.038718700409,0.22
860,3823.597398042679,0.19
870,3856.3647677898407,0.19
880,3888.459986925125,0.14
890,3925.1243755817413,0.11
900,3980.5140500068665,0.13
910,4031.2720363140106,0.16
920,4078.0216777324677,0.17
930,4125.155364751816,0.19
940,4178.766332149506,0.16
950,4239.511328697205,0.21
960,4271.891001224518,0.2
970,4305.4169754981995,0.2
980,4364.460582017899,0.24
990,4398.073361635208,0.23
1000,4461.874235391617,0.24
1010,4503.381196975708,0.22
1020,4577.347234725952,0.26
1030,4632.339039802551,0.27
1040,4684.354697465897,0.27
1050,4719.092510461807,0.22
1060,4753.605273246765,0.22
1070,4795.026044368744,0.23
1080,4848.56328701973,0.22
1090,4886.742714166641,0.23
1100,4942.639111757278,0.21
1110,4977.272631883621,0.2
1120,5011.108704566956,0.14
1130,5075.165281534195,0.16
1140,5132.925633907318,0.17
1150,5174.803561449051,0.18
1160,5261.350523710251,0.26
1170,5295.697558641434,0.25
1180,5334.749790430069,0.23
1190,5414.302460670471,0.29
1200,5461.91646695137,0.28
1210,5528.405220985413,0.32
1220,5563.29416179657,0.32
1230,5602.792021274567,0.28
1240,5653.142173051834,0.26
1250,5694.545511007309,0.26
1260,5751.4410572052,0.22
1270,5786.991852760315,0.22
1280,5856.229722261429,0.26
1290,5906.926649093628,0.22
1300,5967.104475021362,0.24
1310,6022.528009176254,0.23
1320,6074.25607585907,0.26
1330,6116.52432346344,0.26
1340,6178.950927972794,0.28
1350,6275.909023523331,0.35
1360,6323.779132127762,0.33
1370,6372.022543430328,0.35
1380,6408.225371360779,0.3
1390,6449.252375602722,0.28
1400,6494.667586803436,0.25
1410,6546.842485427856,0.24
1420,6583.657261133194,0.21
1430,6657.836299657822,0.25
1440,6714.231343269348,0.24
1450,6782.1548273563385,0.2
1460,6838.9155378341675,0.21
1470,6880.354070901871,0.2
1480,6932.327720403671,0.22
1490,6976.408915281296,0.22
1500,7021.448738336563,0.23
1510,7067.525599479675,0.23
1520,7119.987737417221,0.25
1530,7188.8794901371,0.25
1540,7226.081687450409,0.22
1550,7287.196361064911,0.21
1560,7325.551725625992,0.18
1570,7376.051461696625,0.19
1580,7440.906711578369,0.21
1590,7514.039144992828,0.26
1600,7575.6514456272125,0.27
1610,7627.690258741379,0.27
1620,7686.85449719429,0.28
1630,7748.414818048477,0.26
1640,7796.504600048065,0.28
1650,7892.995778560638,0.34
1660,7946.658397912979,0.36
1670,8005.860272407532,0.37
1680,8044.8086948394775,0.33
1690,8138.1764924526215,0.34
1700,8201.138270616531,0.34
1710,8240.14810204506,0.32
1720,8296.954675674438,0.32
1730,8365.364492416382,0.33
1740,8436.378206968307,0.35
1750,8501.53011584282,0.3
1760,8548.764696359634,0.29
1770,8627.176652908325,0.31
1780,8688.342375993729,0.34
1790,8740.604225873947,0.29
1800,8792.349222183228,0.28
1810,8890.546476125717,0.35
1820,8974.034445285797,0.38
1830,9064.80320262909,0.41
1840,9103.524960279465,0.37
1850,9182.434423446655,0.38
1860,9229.621310472488,0.38
1870,9299.370343208313,0.37
1880,9352.486640453339,0.36
1890,9405.054660320282,0.36
1900,9511.617083787918,0.42
1910,9564.334909915924,0.37
1920,9614.524271726608,0.33
1930,9654.149183273315,0.26
1940,9724.508252382278,0.3
1950,9793.158042430878,0.29
1960,9841.388154506683,0.29
1970,9887.905075788498,0.26
1980,9958.674129962921,0.28
1990,10011.882038593292,0.28
2000,10092.005378723145,0.25
2010,10132.870425224304,0.23
2020,10182.497753858566,0.22
2030,10256.197442054749,0.26
2040,10311.25498008728,0.24
2050,10351.851308345795,0.2
2060,10400.923991441727,0.2
2070,10456.22511935234,0.21
2080,10549.765634298325,0.23
2090,10605.342178821564,0.23
2100,10652.300369262695,0.19
2110,10710.683970928192,0.21
2120,10789.886496067047,0.25
2130,10908.894569396973,0.31
2140,10964.085390329361,0.31
2150,11058.148294210434,0.37
2160,11121.619713068008,0.39
2170,11163.800028085709,0.37
2180,11205.197498083115,0.31
2190,11269.531254768372,0.32
2200,11311.505559682846,0.31
2210,11380.776658773422,0.32
2220,11436.930608510971,0.29
2230,11489.812379598618,0.21
2240,11551.479177236557,0.22
2250,11667.570050477982,0.24
2260,11710.003189086914,0.21
2270,11751.9654545784,0.21
2280,11808.09350156784,0.23
2290,11902.31736278534,0.26
2300,11957.870620012283,0.28
2310,11999.289958238602,0.25
2320,12053.078309774399,0.24
2330,12124.352366685867,0.26
2340,12215.791871547699,0.29
2350,12264.061074256897,0.22
2360,12315.888628482819,0.23
2370,12396.32327747345,0.27
2380,12438.838319063187,0.25
2390,12493.56675028801,0.21
2400,12584.163313150406,0.25
2410,12671.945676088333,0.3
2420,12740.256169080734,0.32
2430,12792.37825870514,0.29
2440,12845.849734067917,0.24
2450,12905.153427362442,0.25
2460,12989.073796510696,0.29
2470,13069.532129049301,0.3
2480,13113.65045785904,0.3
2490,13198.313428401947,0.33
2500,13243.652649402618,0.27
2510,13295.925069093704,0.22
2520,13370.998801231384,0.23
2530,13417.20949459076,0.22
2540,13483.95439863205,0.24
2550,13559.542725801468,0.26
2560,13604.300112247467,0.21
2570,13666.676271438599,0.18
2580,13753.925932884216,0.23
2590,13828.26934671402,0.22
2600,13912.577300310135,0.26
2610,13971.784389019012,0.28
2620,14031.251428604126,0.26
2630,14077.335872888565,0.26
2640,14161.834033966064,0.27
2650,14217.746145248413,0.25
2660,14310.806545495987,0.31
2670,14355.248779296875,0.29
2680,14400.88475060463,0.24
2690,14470.351777076721,0.23
2700,14535.92532324791,0.22
2710,14600.810274839401,0.22
2720,14646.819667816162,0.2
2730,14728.149376392365,0.25
2740,14821.669350147247,0.27
2750,14897.853405475616,0.28
2760,14955.207755327225,0.24
2770,15007.699035167694,0.25
2780,15094.524924516678,0.3
2790,15161.217781066895,0.3
2800,15258.735647439957,0.33
2810,15330.389286994934,0.34
2820,15394.920815229416,0.36
2830,15457.185356140137,0.33
2840,15538.886577367783,0.31
2850,15602.205637216568,0.3
2860,15649.64673280716,0.28
2870,15696.118776082993,0.27
2880,15762.614074468613,0.24
2890,15908.697694301605,0.32
2900,16002.5695707798,0.31
2910,16051.3586165905,0.28
2920,16114.235922574997,0.28
2930,16185.702087640762,0.29
2940,16233.506709098816,0.25
2950,16317.874205350876,0.28
2960,16373.012241363525,0.29
2970,16426.377722263336,0.3
2980,16505.295020341873,0.31
2990,16606.251558303833,0.26
3000,16669.597868204117,0.23
3010,16762.202625513077,0.28
3020,16820.95920944214,0.28
3030,16892.67588186264,0.28
3040,16959.851469039917,0.3
3050,17049.751217842102,0.3
3060,17145.245794296265,0.34
3070,17215.23301577568,0.36
3080,17269.46638584137,0.34
3090,17357.6969435215,0.32
3100,17415.059485673904,0.31
3110,17500.75079011917,0.3
3120,17554.901704072952,0.29
3130,17613.192846775055,0.27
3140,17675.109651327133,0.27
3150,17748.18400120735,0.26
3160,17818.79594707489,0.24
3170,17867.34348988533,0.21
3180,17951.47622013092,0.25
3190,18005.465540885925,0.22
3200,18089.68730688095,0.25
3210,18147.728040456772,0.22
3220,18211.887526988983,0.23
3230,18270.198850631714,0.23
3240,18318.322989702225,0.21
3250,18383.879976272583,0.19
3260,18477.99960923195,0.21
3270,18546.213178873062,0.24
3280,18613.487402915955,0.22
3290,18678.38408946991,0.23
3300,18737.15437722206,0.2
3310,18786.042311429977,0.19
3320,18844.671015024185,0.18
3330,18907.53204059601,0.19
3340,18970.87170600891,0.21
3350,19029.674668312073,0.2
3360,19093.603471517563,0.17
3370,19153.131165981293,0.16
3380,19235.651755809784,0.17
3390,19327.173652887344,0.2
3400,19406.383371829987,0.23
3410,19474.568681001663,0.25
3420,19560.603823184967,0.28
3430,19655.506796121597,0.31
3440,19745.436190605164,0.33
3450,19825.05151796341,0.35
3460,19883.79201388359,0.34
3470,19932.308531284332,0.32
3480,20043.286070346832,0.36
3490,20111.640580654144,0.33
3500,20177.14757490158,0.31
3510,20252.893216371536,0.32
3520,20336.464470148087,0.32
3530,20385.10565185547,0.27
3540,20454.849239110947,0.26
3550,20583.51052904129,0.31
3560,20633.59263420105,0.3
3570,20698.237203598022,0.32
3580,20783.20244050026,0.28
3590,20857.359998226166,0.29
3600,20926.187784671783,0.29
3610,21023.48115491867,0.31
3620,21148.32014131546,0.35
3630,21233.3967525959,0.39
3640,21341.445690393448,0.43
3650,21414.685352802277,0.38
3660,21463.386585235596,0.38
3670,21522.53073835373,0.37
3680,21583.368474960327,0.34
3690,21647.39770412445,0.33
3700,21701.751532793045,0.32
3710,21750.284522533417,0.27
3720,21800.828850269318,0.19
3730,21880.649629831314,0.19
3740,21929.581249952316,0.12
3750,22011.322314739227,0.13
3760,22076.6779589653,0.15
3770,22156.58343219757,0.17
3780,22227.327216863632,0.18
3790,22323.615755081177,0.21
3800,22394.515063762665,0.22
3810,22492.37095594406,0.27
3820,22574.933978796005,0.31
3830,22623.151376008987,0.27
3840,22678.74150800705,0.28
3850,22753.51531100273,0.28
3860,22820.58312702179,0.28
3870,22868.24632692337,0.25
3880,22955.235556602478,0.27
3890,23004.38646197319,0.22
3900,23066.51477265358,0.22
3910,23148.605279922485,0.2
3920,23257.59694314003,0.23
3930,23328.22921872139,0.25
3940,23394.4040415287,0.26
3950,23486.13544511795,0.26
3960,23565.562594413757,0.28
3970,23635.154007196426,0.3
3980,23691.17542386055,0.27
3990,23762.726130485535,0.3
4000,23832.84506368637,0.3
4010,23886.85341644287,0.28
4020,23995.103523492813,0.28
4030,24111.24451136589,0.34
4040,24186.580106258392,0.35
4050,24257.280636548996,0.33
4060,24319.74853992462,0.31
4070,24440.09343791008,0.37
4080,24508.539043664932,0.39
4090,24564.462381601334,0.37
4100,24627.251908779144,0.37
4110,24689.14734530449,0.38
4120,24780.78448820114,0.37
4130,24840.7004904747,0.3
4140,24931.050562143326,0.32
4150,24991.848870754242,0.31
4160,25070.715188264847,0.33
4170,25126.309136390686,0.26
4180,25209.995216846466,0.27
4190,25298.462160348892,0.3
4200,25368.039131879807,0.3
4210,25454.969187259674,0.32
4220,25521.689035892487,0.28
4230,25584.050389528275,0.29
4240,25666.568618297577,0.28
4250,25714.520926475525,0.27
4260,25763.975145339966,0.23
4270,25846.80322408676,0.26
4280,25916.95006799698,0.24
4290,26018.60827589035,0.26
4300,26068.34385251999,0.24
4310,26129.98346877098,0.22
4320,26201.104850292206,0.22
4330,26267.244557142258,0.22
4340,26360.478157043457,0.23
4350,26430.885550260544,0.25
4360,26482.100512981415,0.25
4370,26609.824374198914,0.29
4380,26676.903055667877,0.29
4390,26737.575585365295,0.24
4400,26788.30167579651,0.24
4410,26869.763464212418,0.25
4420,26957.66840362549,0.27
4430,27029.08057832718,0.27
4440,27139.013013124466,0.29
4450,27190.596519231796,0.27
4460,27274.295648097992,0.31
4470,27324.06331896782,0.23
4480,27401.028806447983,0.24
4490,27456.128989458084,0.24
4500,27534.21261906624,0.27
4510,27624.896960258484,0.29
4520,27719.887681245804,0.3
4530,27770.14004421234,0.28
4540,27836.630975961685,0.23
4550,27894.431248903275,0.24
4560,27972.256385803223,0.23
4570,28042.842326402664,0.25
4580,28103.554399967194,0.23
4590,28163.47726082802,0.23
4600,28240.630535125732,0.24
4610,28350.598789691925,0.25
4620,28424.062126636505,0.23
4630,28492.30840587616,0.25
4640,28571.281545877457,0.26
4650,28648.881331205368,0.28
4660,28729.310149669647,0.28
4670,28834.888550043106,0.32
4680,28916.538902044296,0.35
4690,29036.87642931938,0.42
4700,29088.291312932968,0.38
4710,29194.003546714783,0.38
4720,29356.580243110657,0.47
4730,29456.09097313881,0.5
4740,29506.7976667881,0.47
4750,29574.30957388878,0.46
4760,29640.075174570084,0.45
4770,29718.82762145996,0.42
4780,29775.3838262558,0.39
4790,29856.996099710464,0.34
4800,29984.908329963684,0.42
4810,30043.693418979645,0.37
4820,30104.540269851685,0.26
4830,30155.37647819519,0.21
4840,30240.402405023575,0.25
4850,30311.25558257103,0.26
4860,30390.804882764816,0.28
4870,30519.55351805687,0.33
4880,30604.46731209755,0.36
4890,30682.4396173954,0.36
4900,30743.933205604553,0.29
4910,30864.53422188759,0.35
4920,30946.406519412994,0.38
4930,31039.18974685669,0.43
4940,31152.60063958168,0.46
4950,31230.160184383392,0.46
4960,31325.75485754013,0.47
4970,31393.390906095505,0.41
4980,31482.738059043884,0.41
4990,31533.63357448578,0.38
5000,31594.33417749405,0.38
5010,31671.646775960922,0.33
5020,31729.15870809555,0.3
5030,31785.980867147446,0.26
5040,31856.99964094162,0.21
5050,31926.696143388748,0.21
5060,32005.167110443115,0.19
5070,32101.087152004242,0.21
5080,32151.27751350403,0.17
5090,32232.603150844574,0.2
5100,32290.53464794159,0.2
5110,32387.735097646713,0.23
5120,32449.071943044662,0.23
5130,32517.032748937607,0.24
5140,32576.579602718353,0.23
5150,32684.401589870453,0.26
5160,32751.75641131401,0.25
5170,32819.28623652458,0.23
5180,32894.094742536545,0.26
5190,32955.1206843853,0.24
5200,33040.1205136776,0.26
5210,33107.28906416893,0.23
5220,33260.90474295616,0.32
5230,33329.44253849983,0.32
5240,33411.035242557526,0.35
5250,33526.504165410995,0.35
5260,33612.946554899216,0.37
5270,33678.16974234581,0.37
5280,33770.371282339096,0.38
5290,33893.81026387215,0.44
5300,33979.81291651726,0.45
5310,34048.28308057785,0.45
5320,34109.79852247238,0.36
5330,34192.36174607277,0.38
5340,34285.456708431244,0.39
5350,34364.8334133625,0.36
5360,34436.697025060654,0.34
5370,34531.78378176689,0.36
5380,34610.06582450867,0.35
5390,34723.63746237755,0.35
5400,34801.70574903488,0.34
5410,34883.77456140518,0.36
5420,34983.8241083622,0.4
5430,35049.16331195831,0.38
5440,35178.53065252304,0.41
5450,35257.97458767891,0.41
5460,35329.476249694824,0.42
5470,35387.752702236176,0.39
5480,35509.785826444626,0.43
5490,35569.419952631,0.37
5500,35637.894681215286,0.36
5510,35708.601021289825,0.34
5520,35818.28897666931,0.34
5530,35882.68024086952,0.34
5540,35967.697622299194,0.29
5550,36038.93785691261,0.28
5560,36114.77060222626,0.28
5570,36207.25848150253,0.31
5580,36306.78830552101,0.29
5590,36403.10967826843,0.34
5600,36480.164538383484,0.35
5610,36562.17788982391,0.37
5620,36657.01228451729,0.37
5630,36753.256872177124,0.4
5640,36834.37497329712,0.4
5650,36921.959800481796,0.42
5660,37046.70332670212,0.47
5670,37147.92786884308,0.48
5680,37217.14246106148,0.45
5690,37287.96735358238,0.41
5700,37366.18935871124,0.41
5710,37448.22812485695,0.4
5720,37552.879496097565,0.41
5730,37659.3081703186,0.42
5740,37766.43923282623,0.45
5750,37866.61530947685,0.45
5760,37940.56823968887,0.39
5770,38028.332394599915,0.38
5780,38097.114037275314,0.38
5790,38157.21950554848,0.37
5800,38243.41381049156,0.38
5810,38320.862469911575,0.38
5820,38439.43734550476,0.4
5830,38502.76654148102,0.35
5840,38578.55718564987,0.31
5850,38671.49237012863,0.31
5860,38765.64665746689,0.34
5870,38852.29086947441,0.34
5880,38932.51400756836,0.35
5890,39027.19699716568,0.39
5900,39162.699694395065,0.44
5910,39262.84481263161,0.46
5920,39352.66405248642,0.42
5930,39440.484813690186,0.45
5940,39517.006999731064,0.46
5950,39582.83010339737,0.44
5960,39671.97643208504,0.43
5970,39804.99026274681,0.47
5980,39899.88040351868,0.49
5990,40003.231525182724,0.5
6000,40085.75508904457,0.45
6010,40224.74365067482,0.48
6020,40334.385417461395,0.5
6030,40439.33896946907,0.51
6040,40526.21391367912,0.52
6050,40614.925884246826,0.54
6060,40678.7333278656,0.51
6070,40773.571209430695,0.47
6080,40869.07046341896,0.47
6090,40966.73431301117,0.45
6100,41072.098773002625,0.47
6110,41161.287319898605,0.43
6120,41245.75409126282,0.41
6130,41338.32494068146,0.41
6140,41433.04015851021,0.42
6150,41503.75961995125,0.4
6160,41574.1105697155,0.41
6170,41651.83831739426,0.4
6180,41735.576954841614,0.39
6190,41812.63026213646,0.37
6200,41887.581555604935,0.33
6210,41986.18697023392,0.33
6220,42118.08529186249,0.38
6230,42189.41795659065,0.35
6240,42270.90064764023,0.33
6250,42390.834394454956,0.37
6260,42497.20251560211,0.4
6270,42637.92423892021,0.46
6280,42719.86991548538,0.45
6290,42842.53330874443,0.5
6300,42918.13145470619,0.5
6310,43048.924607753754,0.54
6320,43132.39687919617,0.48
6330,43223.021693229675,0.5
6340,43341.44033122063,0.54
6350,43426.14299035072,0.52
6360,43495.83942770958,0.49
6370,43590.49847769737,0.44
6380,43684.57412528992,0.46
6390,43766.45168542862,0.42
6400,43871.09555673599,0.45
6410,43996.00685453415,0.44
6420,44090.68629360199,0.45
6430,44168.70343899727,0.44
6440,44245.59204888344,0.4
6450,44332.77931332588,0.4
6460,44441.374816179276,0.44
6470,44544.74693894386,0.45
6480,44668.16349649429,0.48
6490,44773.03212594986,0.5
6500,44838.68254208565,0.46
6510,44937.36552286148,0.44
6520,45071.60749268532,0.48
6530,45155.60821533203,0.49
6540,45285.706503391266,0.54
6550,45404.14603447914,0.56
6560,45494.4485168457,0.55
6570,45623.685681819916,0.57
6580,45718.9234495163,0.53
6590,45842.116708517075,0.56
6600,45935.08061790466,0.59
6610,46025.52053999901,0.58
6620,46109.36627745628,0.53
6630,46218.832683086395,0.55
6640,46316.2142431736,0.52
6650,46433.144132852554,0.53
6660,46556.86401391029,0.56
6670,46678.308651447296,0.56
6680,46771.80284357071,0.57
6690,46921.96063542366,0.58
6700,47000.58643054962,0.57
6710,47108.088614463806,0.59
6720,47227.58800697327,0.62
6730,47335.055638074875,0.61
6740,47426.37462067604,0.6
6750,47521.63673520088,0.57
6760,47649.39390039444,0.57
6770,47718.2678399086,0.52
6780,47825.5222826004,0.52
6790,47932.56765985489,0.49
6800,48048.69289135933,0.52
6810,48132.554332733154,0.49
6820,48275.89552950859,0.51
6830,48379.5159637928,0.51
6840,48523.179179906845,0.56
6850,48652.99895858765,0.6
6860,48754.76822090149,0.57
6870,48837.460486888885,0.58
6880,48928.53060436249,0.57
6890,49038.08471465111,0.57
6900,49117.44475317001,0.54
6910,49195.083656311035,0.54
6920,49283.12654042244,0.49
6930,49381.93957090378,0.49
6940,49456.15108084679,0.43
6950,49516.29567337036,0.36
6960,49590.70958352089,0.33
6970,49653.23855161667,0.31
6980,49729.30835843086,0.3
6990,49832.441435575485,0.29
7000,49932.01286101341,0.31
7010,50053.40180325508,0.35
7020,50171.9439599514,0.39
7030,50278.646599531174,0.4
7040,50420.13919377327,0.46
7050,50500.46415448189,0.48
7060,50574.27350306511,0.48
7070,50644.51976275444,0.49
7080,50759.8505551815,0.52
7090,50869.79901790619,0.54
7100,50966.132257938385,0.53
7110,51088.162855386734,0.53
7120,51239.63498497009,0.55
7130,51295.36579155922,0.49
7140,51375.817027807236,0.43
7150,51514.41798186302,0.48
7160,51645.176114320755,0.53
7170,51764.419048547745,0.58
7180,51874.91393136978,0.57
7190,51971.035514354706,0.54
7200,52090.985411167145,0.56
7210,52211.06131863594,0.56
7220,52312.16373825073,0.51
7230,52419.11486148834,0.56
7240,52499.33979892731,0.56
7250,52585.401539087296,0.51
7260,52676.563581466675,0.48
7270,52823.267008543015,0.5
7280,52939.42469167709,0.52
7290,53046.72598743439,0.54
7300,53127.88434815407,0.51
7310,53240.28260016441,0.5
7320,53336.22864842415,0.5
7330,53458.56884980202,0.51
7340,53547.1737344265,0.51
7350,53601.713913202286,0.48
7360,53743.059401750565,0.54
7370,53852.2516105175,0.5
7380,53943.52228665352,0.47
7390,54028.22678399086,0.44
7400,54133.60711145401,0.46
7410,54236.991139650345,0.46
7420,54387.51732969284,0.51
7430,54500.88378548622,0.5
7440,54608.24822998047,0.53
7450,54695.20037174225,0.57
7460,54779.948543310165,0.51
7470,54880.54121732712,0.51
7480,54985.775106430054,0.53
7490,55086.56120848656,0.55
7500,55183.92045760155,0.55
7510,55275.080771923065,0.52
7520,55382.841955423355,0.48
7530,55509.78993535042,0.49
7540,55659.41983628273,0.53
7550,55785.448620557785,0.56
7560,55891.40039896965,0.58
7570,55993.884023189545,0.58
7580,56075.36229467392,0.55
7590,56157.95186710358,0.53
7600,56251.04363131523,0.52
7610,56406.87076878548,0.58
7620,56523.04617190361,0.6
7630,56585.856540203094,0.55
7640,56664.70257687569,0.47
7650,56750.669518470764,0.43
7660,56845.100860118866,0.41
7670,56973.42916846275,0.43
7680,57069.90438866615,0.44
7690,57169.83384656906,0.46
7700,57246.12712311745,0.44
7710,57342.1442155838,0.39
7720,57441.553862810135,0.37
7730,57549.94476246834,0.41
7740,57654.150015592575,0.43
7750,57724.44618487358,0.42
7760,57868.22116804123,0.47
7770,57961.34469151497,0.44
7780,58047.553757190704,0.43
7790,58170.97255086899,0.46
7800,58290.93057656288,0.5
7810,58375.966225385666,0.49
7820,58480.23021411896,0.5
7830,58584.40836977959,0.5
7840,58673.53126001358,0.5
7850,58792.11306428909,0.55
7860,58908.58039402962,0.52
7870,59010.70468735695,0.53
7880,59110.290788173676,0.54
7890,59203.625136613846,0.49
7900,59274.716405153275,0.45
7910,59380.880158901215,0.47
7920,59543.465722084045,0.5
7930,59636.72120094299,0.49
7940,59761.97079873085,0.53
7950,59871.638671875,0.52
7960,59935.71158862114,0.47
7970,60080.24646949768,0.52
7980,60192.12760901451,0.54
7990,60313.96706008911,0.58
8000,60388.149005651474,0.58
8010,60555.31575679779,0.62
8020,60699.58949184418,0.62
8030,60798.30199956894,0.63
8040,60907.170937776566,0.61
8050,61043.71113681793,0.62
8060,61141.84461426735,0.65
8070,61247.492574214935,0.6
8080,61346.225754499435,0.58
8090,61452.14393591881,0.56
8100,61565.26000952721,0.6
8110,61669.281195640564,0.57
8120,61826.327444553375,0.58
8130,61977.74053525925,0.62
8140,62118.63684988022,0.64
8150,62191.6962184906,0.59
8160,62260.96593117714,0.57
8170,62391.392608881,0.59
8180,62532.45149707794,0.64
8190,62694.156123399734,0.68
8200,62817.766894578934,0.68
8210,62917.26601243019,0.67
8220,63040.13747167587,0.64
8230,63134.47605800629,0.6
8240,63241.69914364815,0.57
8250,63359.42040634155,0.61
8260,63521.02986240387,0.68
8270,63617.823085308075,0.65
8280,63741.44760274887,0.63
8290,63850.08591747284,0.59
8300,63980.464332818985,0.6
8310,64092.27716946602,0.6
8320,64180.37072610855,0.56
8330,64310.80377244949,0.58
8340,64432.07060623169,0.6
8350,64527.03150129318,0.59
8360,64644.66441845894,0.56
8370,64762.85077595711,0.58
8380,64878.720418930054,0.57
8390,64983.17042303085,0.56
8400,65075.33690357208,0.53
8410,65188.00883126259,0.54
8420,65334.94401097298,0.59
8430,65420.61499762535,0.55
8440,65531.94401550293,0.53
8450,65618.24748635292,0.52
8460,65714.97352170944,0.5
8470,65829.69781422615,0.5
8480,66024.82973098755,0.57
8490,66123.45077824593,0.58
8500,66263.45804667473,0.62
8510,66372.89168858528,0.61
8520,66474.37755656242,0.57
8530,66601.94182372093,0.62
8540,66712.0804977417,0.64
8550,66791.87974452972,0.63
8560,66893.55821728706,0.63
8570,66979.44332766533,0.6
8580,67074.28197598457,0.52
8590,67183.11440372467,0.52
8600,67298.12938952446,0.5
8610,67402.89870429039,0.5
8620,67568.32101750374,0.56
8630,67660.74715423584,0.52
8640,67770.44024562836,0.5
8650,67864.83797621727,0.49
8660,67959.17362642288,0.48
8670,68074.78580617905,0.5
8680,68151.46449112892,0.47
8690,68240.7455174923,0.45
8700,68358.43836569786,0.45
8710,68449.54161930084,0.43
8720,68558.06602358818,0.38
8730,68663.26791620255,0.39
8740,68757.22512125969,0.38
8750,68871.18142318726,0.41
8760,68979.43950033188,0.43
8770,69086.10168004036,0.42
8780,69172.48901867867,0.44
8790,69294.43186235428,0.48
8800,69392.3119521141,0.47
8810,69497.70288681984,0.48
8820,69663.87268328667,0.53
8830,69764.53998446465,0.52
8840,69919.17596817017,0.57
8850,70047.3534655571,0.59
8860,70172.00166153908,0.6
8870,70262.96171855927,0.59
8880,70371.04431152344,0.61
8890,70506.12401556969,0.61
8900,70607.39089083672,0.61
8910,70733.22164011002,0.64
8920,70820.31255292892,0.57
8930,70943.5392768383,0.59
8940,71032.98394417763,0.53
8950,71139.9889600277,0.51
8960,71264.05561470985,0.53
8970,71343.20147919655,0.53
8980,71467.67672920227,0.54
8990,71591.72516298294,0.54
9000,71669.40665149689,0.51
9010,71773.87881970406,0.49
9020,71879.67696452141,0.51
9030,71987.35800409317,0.5
9040,72127.74230289459,0.55
9050,72223.06707978249,0.53
9060,72337.83771538734,0.5
9070,72427.70906448364,0.5
9080,72533.26553845406,0.48
9090,72665.58145594597,0.47
9100,72762.03309249878,0.49
9110,72848.50508737564,0.47
9120,72953.30435395241,0.46
9130,73038.62788248062,0.44
9140,73173.56185793877,0.44
9150,73271.33625864983,0.45
9160,73377.96140503883,0.44
9170,73546.72167038918,0.51
9180,73645.87274122238,0.5
9190,73848.31522774696,0.57
9200,73946.53084611893,0.57
9210,74037.69225668907,0.58
9220,74157.9028851986,0.6
9230,74252.17577815056,0.61
9240,74358.21902036667,0.58
9250,74475.33837223053,0.59
9260,74577.57970428467,0.6
9270,74688.10717439651,0.55
9280,74810.14453029633,0.58
9290,74970.51298069954,0.55
9300,75076.16106700897,0.55
9310,75196.1831510067,0.56
9320,75351.11594557762,0.6
9330,75489.41423749924,0.63
9340,75640.02258992195,0.66
9350,75720.78702569008,0.64
9360,75842.42912316322,0.66
9370,75958.72632884979,0.67
9380,76089.10519814491,0.66
9390,76248.75645923615,0.65
9400,76329.27978467941,0.64
9410,76485.54322052002,0.67
9420,76589.94679450989,0.61
9430,76690.36669111252,0.59
9440,76794.0694539547,0.56
9450,76912.51634430885,0.59
9460,77040.82673764229,0.59
9470,77148.24093341827,0.58
9480,77266.65454745293,0.57
9490,77443.43632650375,0.59
9500,77547.97699069977,0.61
9510,77688.80694079399,0.61
9520,77853.48716497421,0.66
9530,77986.59397602081,0.68
9540,78203.54457449913,0.76
9550,78304.23993206024,0.74
9560,78408.53651118279,0.72
9570,78550.46598792076,0.74
9580,78687.73094773293,0.76
9590,78813.37964940071,0.72
9600,78949.77931046486,0.73
9610,79098.46867966652,0.74
9620,79191.272179842,0.69
9630,79377.01648402214,0.74
9640,79521.47725272179,0.68
9650,79625.66932296753,0.68
9660,79733.43067598343,0.69
9670,79835.53995609283,0.67
9680,79999.2707285881,0.69
9690,80091.86890411377,0.65
9700,80237.12981510162,0.66
9710,80369.31202745438,0.63
9720,80471.63657474518,0.63
9730,80579.02199363708,0.55
9740,80714.52793049812,0.56
9750,80842.94395041466,0.59
9760,80954.5494632721,0.58
9770,81063.41887426376,0.58
9780,81203.22299075127,0.57
9790,81349.16128253937,0.62
9800,81455.4504532814,0.59
9810,81578.14218068123,0.59
9820,81723.25927948952,0.63
9830,81835.48904323578,0.64
9840,81920.06879258156,0.59
9850,82023.8131737709,0.56
9860,82133.83584094048,0.56
9870,82233.55759191513,0.55
9880,82345.61663842201,0.52
9890,82470.71601843834,0.5
9900,82598.13999271393,0.52
9910,82725.02952885628,0.51
9920,82872.22100400925,0.5
9930,83009.50286698341,0.53
9940,83145.7865357399,0.57
9950,83260.43220496178,0.59
9960,83413.22626256943,0.62
9970,83538.86337590218,0.65
9980,83655.84786725044,0.66
9990,83811.6132285595,0.68
10000,83952.77085328102,0.69
10010,84096.09964680672,0.7
10020,84200.50258588791,0.67
10030,84374.9388320446,0.7
10040,84515.67470383644,0.71
10050,84657.80058145523,0.72
10060,84803.42686343193,0.72
10070,84914.87701249123,0.7
10080,85052.00235271454,0.71
10090,85160.15081906319,0.67
10100,85312.6257352829,0.69
10110,85442.81021380424,0.7
10120,85573.33650445938,0.72
10130,85714.42174577713,0.69
10140,85828.66419696808,0.66
10150,85990.65256547928,0.68
10160,86092.91803956032,0.64
10170,86204.14603638649,0.63
10180,86299.469892025,0.59
10190,86390.93568778038,0.59
10200,86511.02959728241,0.55
10210,86654.19540429115,0.56
10220,86794.7768547535,0.57
10230,86923.40546154976,0.55
10240,87038.41987013817,0.54
10250,87135.02653455734,0.49
10260,87262.7481276989,0.51
10270,87337.32006645203,0.48
10280,87491.48301172256,0.53
10290,87579.72085666656,0.51
10300,87692.52307581902,0.5
10310,87764.8940050602,0.43
10320,87852.13186120987,0.39
10330,87949.72286486626,0.37
10340,88062.0698337555,0.38
10350,88178.5722618103,0.4
10360,88247.1294503212,0.35
10370,88348.449062109,0.38
10380,88433.29290151596,0.32
10390,88594.79658389091,0.39
10400,88719.27157688141,0.41
10410,88845.41467475891,0.47
10420,88987.28944373131,0.52
10430,89087.65483474731,0.53
10440,89206.65575766563,0.54
10450,89335.43898463249,0.54
10460,89447.69450306892,0.57
10470,89607.74361181259,0.61
10480,89704.0251185894,0.63
10490,89846.39733099937,0.61
10500,89987.1921672821,0.62
10510,90131.73954105377,0.63
10520,90241.5855846405,0.6
10530,90341.86870479584,0.59
10540,90444.99599170685,0.57
10550,90535.14154481888,0.54
10560,90630.02998304367,0.53
10570,90737.35240960121,0.49
10580,90844.16755199432,0.49
10590,90944.14457154274,0.46
10600,91090.62093901634,0.46
10610,91208.35577845573,0.44
10620,91309.79896187782,0.43
10630,91400.10697746277,0.42
10640,91474.75231409073,0.39
10650,91557.72305822372,0.38
10660,91673.60166478157,0.4
10670,91809.19704580307,0.43
10680,91998.52492117882,0.5
10690,92142.4772670269,0.54
10700,92262.44533610344,0.52
10710,92390.46503996849,0.53
10720,92535.94474315643,0.56
10730,92672.36793732643,0.6
10740,92791.68860030174,0.64
10750,92925.20384144783,0.68
10760,93053.7304816246,0.69
10770,93183.2253279686,0.69
10780,93305.36180472374,0.63
10790,93403.60081553459,0.59
10800,93541.02566409111,0.61
10810,93666.02985048294,0.59
10820,93780.83633089066,0.57
10830,93902.8567545414,0.56
10840,94030.94799613953,0.58
10850,94163.64009428024,0.58
10860,94316.48601126671,0.6
10870,94470.50958633423,0.61
10880,94605.82416844368,0.63
10890,94744.1952726841,0.66
10900,94888.48074364662,0.67
10910,95030.69956350327,0.69
10920,95160.2745873928,0.71
10930,95263.29434585571,0.69
10940,95341.70963668823,0.64
10950,95465.41969156265,0.64
10960,95612.48111128807,0.63
10970,95710.18040323257,0.59
10980,95819.47071957588,0.56
10990,95969.13830542564,0.57
11000,96072.18348240852,0.53
11010,96168.37971925735,0.49
11020,96282.3861272335,0.46
11030,96405.96265697479,0.48
11040,96559.87404227257,0.54
11050,96682.31189322472,0.54
11060,96802.04988574982,0.53
11070,96954.9135119915,0.57
11080,97080.88545107841,0.59
11090,97194.92745685577,0.56
11100,97288.07972812653,0.55
11110,97446.58005666733,0.61
11120,97554.34603214264,0.62
11130,97682.89365577698,0.62
11140,97804.81671643257,0.59
11150,97984.64893841743,0.62
11160,98113.92864918709,0.62
11170,98225.78809142113,0.59
11180,98346.17078089714,0.59
11190,98455.49001407623,0.58
11200,98580.08880496025,0.61
11210,98711.68315577507,0.58
11220,98830.77808594704,0.58
11230,98983.25466942787,0.6
11240,99115.3528687954,0.62
11250,99231.5180068016,0.57
11260,99323.2069349289,0.54
11270,99434.81590938568,0.54
11280,99556.02369141579,0.53
11290,99662.23743629456,0.53
11300,99776.07138848305,0.52
11310,99882.2271604538,0.5
11320,99990.10500860214,0.49
11330,100119.49874424934,0.47
11340,100271.68472957611,0.47
11350,100374.96806383133,0.47
11360,100456.86093616486,0.46
11370,100593.16907429695,0.48
11380,100708.79312705994,0.48
11390,100844.11699914932,0.51
11400,100954.98163342476,0.5
11410,101063.49906039238,0.5
11420,101167.68388938904,0.5
11430,101305.06187081337,0.5
11440,101368.0503885746,0.43
11450,101492.72991681099,0.44
11460,101617.50574159622,0.47
11470,101762.57274365425,0.47
11480,101861.90773010254,0.45
11490,102029.81279206276,0.47
11500,102132.42860007286,0.47
11510,102283.357380867,0.51
11520,102411.82039999962,0.53
11530,102538.39065265656,0.53
11540,102670.79885292053,0.6
11550,102748.88917636871,0.57
11560,102906.58961963654,0.6
11570,103046.48427176476,0.61
11580,103199.3098666668,0.66
11590,103322.03258180618,0.63
11600,103421.37206172943,0.63
11610,103548.25202560425,0.61
11620,103658.35931611061,0.59
11630,103758.3553109169,0.57
11640,103907.77486276627,0.58
11650,104014.86201429367,0.6
11660,104155.17274332047,0.59
11670,104267.19749712944,0.56
11680,104391.56361055374,0.53
11690,104555.18657946587,0.56
11700,104753.3726363182,0.63
11710,104849.58583903313,0.6
11720,104954.3237016201,0.6
11730,105089.95157766342,0.63
11740,105200.33703660965,0.59
11750,105296.43086767197,0.58
11760,105387.45288324356,0.54
11770,105511.62854385376,0.55
11780,105690.662555933,0.6
11790,105805.32669115067,0.56
11800,105915.04307079315,0.5
11810,106072.00837540627,0.54
11820,106165.32281303406,0.53
11830,106271.79902911186,0.5
11840,106392.49586176872,0.51
11850,106497.61592149734,0.52
11860,106628.30778861046,0.56
11870,106739.77724528313,0.54
11880,106820.21412611008,0.46
11890,106915.7061598301,0.45
11900,107022.34071540833,0.44
11910,107132.57890677452,0.41
11920,107213.9970407486,0.4
11930,107332.1780436039,0.41
11940,107449.03732895851,0.41
11950,107560.62430429459,0.41
11960,107716.849817276,0.43
11970,107837.2897529602,0.44
11980,107962.932898283,0.47
11990,108106.70124816895,0.49
12000,108241.44788789749,0.51
12010,108365.98729276657,0.52
12020,108489.86545538902,0.55
12030,108602.3659825325,0.54
12040,108724.14085197449,0.55
12050,108840.29839229584,0.56
12060,108993.88303375244,0.54
12070,109095.46099925041,0.52
12080,109196.82100915909,0.51
12090,109290.30034279823,0.48
12100,109398.83822417259,0.47
12110,109502.94081687927,0.46
12120,109611.79607319832,0.45
12130,109770.43084931374,0.49
12140,109918.06671524048,0.51
12150,110002.0316081047,0.48
12160,110191.18788433075,0.5
12170,110325.61796069145,0.53
12180,110402.45826292038,0.5
12190,110544.98592877388,0.54
12200,110661.63102245331,0.53
12210,110760.21272802353,0.52
12220,110891.4679684639,0.53
12230,111015.5809571743,0.51
12240,111096.82517027855,0.45
12250,111200.8236041069,0.46
12260,111357.32480478287,0.44
12270,111437.11561393738,0.4
12280,111555.907091856,0.43
12290,111668.47617125511,0.4
12300,111788.07853341103,0.42
12310,111890.70833849907,0.43
12320,112001.23434758186,0.43
12330,112113.16187405586,0.41
12340,112260.64855647087,0.47
12350,112400.52516365051,0.51
12360,112513.99592423439,0.49
12370,112616.49104094505,0.51
12380,112725.59489440918,0.51
12390,112851.36263108253,0.53
12400,112971.1634862423,0.53
12410,113102.08353972435,0.55
12420,113243.7510766983,0.57
12430,113379.50760746002,0.59
12440,113521.16817331314,0.58
12450,113645.65917992592,0.57
12460,113784.08088469505,0.59
12470,113901.52979564667,0.59
12480,114004.41573214531,0.58
12490,114121.42382597923,0.56
12500,114228.93186712265,0.54
12510,114382.37020730972,0.55
12520,114537.12922501564,0.55
12530,114657.69615674019,0.54
12540,114757.14966225624,0.51
12550,114891.09967398643,0.52
12560,114983.0017979145,0.47
12570,115142.98455309868,0.52
12580,115272.27110719681,0.55
12590,115421.85262870789,0.58
12600,115575.74620366096,0.61
12610,115718.93441057205,0.61
12620,115830.13329434395,0.59
12630,115961.2226934433,0.6
12640,116099.184882164,0.63
12650,116236.35586166382,0.63
12660,116370.33989620209,0.67
12670,116512.92685556412,0.64
12680,116629.78185749054,0.63
12690,116776.29663920403,0.64
12700,116896.29504776001,0.62
12710,116995.1172645092,0.58
12720,117110.69350600243,0.57
12730,117247.50673604012,0.57
12740,117408.20909523964,0.58
12750,117513.48886227608,0.55
12760,117656.33701896667,0.57
12770,117771.04521250725,0.56
12780,117894.90168809891,0.56
12790,118060.23659729958,0.56
12800,118192.09599423409,0.57
12810,118342.97747397423,0.6
12820,118499.16413998604,0.65
12830,118638.72774934769,0.66
12840,118764.43802118301,0.64
12850,118907.2111480236,0.66
12860,119040.23870205879,0.64
12870,119160.5690164566,0.63
12880,119275.17047548294,0.62
12890,119391.14582943916,0.59
12900,119523.48910617828,0.59
12910,119632.60464906693,0.57
12920,119731.85329937935,0.51
12930,119868.02291584015,0.49
12940,120042.23461079597,0.54
12950,120160.71185898781,0.54
12960,120298.85982298851,0.55
12970,120462.22683119774,0.6
12980,120569.19097352028,0.59
12990,120698.72420835495,0.59
13000,120812.57862973213,0.57
13010,120935.41705155373,0.58
13020,121098.15060138702,0.64
13030,121227.76479125023,0.64
13040,121369.8230934143,0.59
13050,121462.38974189758,0.55
13060,121588.83891391754,0.54
13070,121740.89410591125,0.53
13080,121845.49073266983,0.54
13090,121988.59311556816,0.56
13100,122125.75445270538,0.58
13110,122218.57105708122,0.55
13120,122326.65579414368,0.5
13130,122439.72648715973,0.5
13140,122632.29295444489,0.54
13150,122750.61884093285,0.57
13160,122861.99616265297,0.55
13170,122979.74260783195,0.52
13180,123092.98469924927,0.53
13190,123224.67281627655,0.51
13200,123396.89436650276,0.53
13210,123488.50611281395,0.54
13220,123666.66649127007,0.59
13230,123768.74065470695,0.57
13240,123879.45770478249,0.51
13250,124030.65264558792,0.54
13260,124131.82499742508,0.53
13270,124269.93282079697,0.54
13280,124413.99644732475,0.55
13290,124543.73437666893,0.56
13300,124718.69476532936,0.57
13310,124829.2159063816,0.57
13320,124944.37102413177,0.52
13330,125105.08884739876,0.57
13340,125230.57282185555,0.59
13350,125353.20600748062,0.56
13360,125496.67862319946,0.6
13370,125678.51068210602,0.63
13380,125823.44932174683,0.64
13390,125940.13490748405,0.63
13400,126047.60960054398,0.58
13410,126161.77552819252,0.59
13420,126328.83407759666,0.64
13430,126474.74778676033,0.63
13440,126584.94862675667,0.61
13450,126700.84484267235,0.6
13460,126823.20881652832,0.59
13470,126956.83894753456,0.56
13480,127131.65328907967,0.58
13490,127210.7800014019,0.54
13500,127368.17778611183,0.59
13510,127537.26443696022,0.64
13520,127663.39499759674,0.6
13530,127783.17843747139,0.57
13540,127927.85491609573,0.59
13550,128071.48143076897,0.61
13560,128212.84130120277,0.61
13570,128341.02430987358,0.61
13580,128443.43134021759,0.55
13590,128597.97233653069,0.62
13600,128709.6408905983,0.57
13610,128886.83212924004,0.57
13620,129063.77606582642,0.62
13630,129195.85112547874,0.64
13640,129293.03816604614,0.61
13650,129488.56195950508,0.64
13660,129635.22201776505,0.64
13670,129769.58578968048,0.65
13680,129895.75997376442,0.67
13690,130003.82213425636,0.63
13700,130137.69720101357,0.65
13710,130301.74436426163,0.63
13720,130417.49690270424,0.58
13730,130585.94878792763,0.6
13740,130696.59912896156,0.61
13750,130808.73100543022,0.56
13760,130997.77601408958,0.59
13770,131140.0815536976,0.59
13780,131275.6906223297,0.6
13790,131383.09106183052,0.6
13800,131567.67887616158,0.64
13810,131718.43122005463,0.64
13820,131857.31054496765,0.65
13830,131969.75399327278,0.61
13840,132107.70992207527,0.63
13850,132236.6896262169,0.65
13860,132373.9959039688,0.63
13870,132485.4053015709,0.6
13880,132606.11001324654,0.59
13890,132709.9275574684,0.58
13900,132853.18065667152,0.54
13910,133022.12242507935,0.55
13920,133204.26180315018,0.59
13930,133306.92605042458,0.59
13940,133442.45214629173,0.59
13950,133566.74469304085,0.58
13960,133736.38466739655,0.59
13970,133881.49900317192,0.62
13980,134000.9232530594,0.63
13990,134160.09208369255,0.68
14000,134296.67446184158,0.67
14010,134455.93257641792,0.67
14020,134570.04445147514,0.61
14030,134736.16757559776,0.64
14040,134877.1147954464,0.63
14050,135021.28472471237,0.65
14060,135153.06130695343,0.63
14070,135277.84452080727,0.61
14080,135401.98361563683,0.6
14090,135512.5348496437,0.56
14100,135645.58766388893,0.56
14110,135770.68726730347,0.54
14120,135906.46634840965,0.56
14130,136088.98308563232,0.59
14140,136248.330909729,0.62
14150,136348.1803562641,0.58
14160,136529.4613325596,0.61
14170,136654.15337610245,0.61
14180,136791.85893774033,0.62
14190,136960.09189105034,0.68
14200,137082.42736887932,0.68
14210,137262.9109108448,0.71
14220,137410.31072711945,0.72
14230,137539.24415278435,0.67
14240,137713.78675413132,0.68
14250,137812.31259465218,0.68
14260,137967.69819140434,0.66
14270,138093.0584948063,0.66
14280,138235.87688732147,0.65
14290,138346.5195298195,0.58
14300,138467.71296143532,0.57
14310,138597.75759124756,0.53
14320,138766.8098347187,0.55
14330,138877.14388251305,0.54
14340,139008.58762073517,0.51
14350,139107.9227809906,0.51
14360,139198.91965675354,0.46
14370,139381.3460497856,0.5
14380,139522.0100018978,0.52
14390,139623.23707413673,0.53
14400,139756.64990878105,0.55
14410,139871.03197288513,0.53
14420,139990.77091050148,0.49
14430,140124.98168873787,0.51
14440,140272.1597878933,0.53
14450,140383.46063494682,0.55
14460,140533.8060042858,0.61
14470,140647.16962456703,0.56
14480,140781.0332570076,0.55
14490,140890.7292227745,0.55
14500,141022.5250992775,0.55
14510,141142.06036949158,0.56
14520,141263.0386209488,0.56
14530,141392.77790141106,0.55
14540,141525.43067979813,0.53
14550,141627.05052900314,0.51
14560,141745.8033387661,0.48
14570,141889.7881360054,0.5
14580,142039.72800016403,0.51
14590,142159.23335528374,0.51
14600,142281.85350346565,0.5
14610,142385.38461518288,0.5
14620,142505.53339266777,0.49
14630,142661.88610219955,0.51
14640,142774.74275064468,0.48
14650,142877.03413772583,0.48
14660,143007.8446085453,0.49
14670,143138.76949119568,0.49
14680,143260.2606575489,0.46
14690,143395.15286421776,0.47
14700,143540.7494983673,0.48
14710,143661.98354792595,0.48
14720,143811.04206180573,0.51
14730,143943.31598567963,0.49
14740,144060.51193499565,0.51
14750,144191.87371063232,0.53
14760,144347.4611134529,0.54
14770,144469.81014609337,0.52
14780,144605.72305107117,0.53
14790,144766.53100585938,0.55
14800,144897.73139357567,0.54
14810,145036.53303074837,0.56
14820,145178.7420835495,0.54
14830,145310.76169633865,0.54
14840,145457.3900127411,0.55
14850,145604.89104819298,0.56
14860,145752.5568435192,0.56
14870,145894.30361819267,0.58
14880,146025.75915026665,0.58
14890,146163.90595555305,0.56
14900,146307.75763487816,0.56
14910,146432.5018632412,0.55
14920,146585.93508410454,0.57
14930,146725.4858636856,0.57
14940,146863.64827919006,0.57
14950,146993.16101837158,0.56
14960,147105.31500387192,0.53
14970,147238.7641196251,0.52
14980,147361.354970932,0.51
14990,147540.21811175346,0.55
15000,147642.841755867,0.53
15010,147770.38793969154,0.53
15020,147933.58498167992,0.54
15030,148056.1622645855,0.53
15040,148216.65695524216,0.54
15050,148355.43773674965,0.55
15060,148477.60769701004,0.56
15070,148617.85110092163,0.57
15080,148776.66412711143,0.6
15090,148899.17831707,0.56
15100,149031.8298227787,0.59
15110,149188.44468569756,0.6
15120,149347.47595477104,0.59
15130,149508.06383490562,0.62
15140,149630.57490825653,0.6
15150,149771.88209366798,0.6
15160,149910.8939898014,0.62
15170,150065.71184062958,0.64
15180,150184.3730764389,0.61
15190,150301.8651998043,0.6
15200,150443.18764925003,0.59
15210,150648.72202014923,0.64
15220,150788.31700611115,0.62
15230,150919.65821957588,0.6
15240,151111.9718015194,0.64
15250,151261.2578983307,0.64
15260,151409.83779931068,0.63
15270,151540.48351335526,0.59
15280,151662.30082511902,0.59
15290,151787.57465791702,0.59
15300,151920.46736311913,0.58
15310,152090.34490656853,0.55
15320,152286.6507680416,0.6
15330,152424.81835532188,0.61
15340,152542.20299696922,0.56
15350,152683.33596754074,0.55
15360,152839.92265558243,0.57
15370,152994.38224458694,0.59
15380,153125.37304210663,0.59
15390,153251.21290159225,0.6
15400,153382.98401474953,0.6
15410,153532.95807790756,0.58
15420,153690.06407737732,0.55
15430,153851.6983077526,0.56
15440,154001.47605133057,0.58
15450,154121.68187093735,0.57
15460,154260.90861678123,0.54
15470,154393.9866259098,0.53
15480,154511.06460547447,0.52
15490,154643.32192778587,0.52
15500,154769.6889321804,0.52
15510,154922.50305008888,0.53
15520,155061.68206954002,0.51
15530,155202.96296310425,0.49
15540,155331.06565976143,0.47
15550,155442.19427514076,0.46
15560,155610.14568400383,0.49
15570,155741.23574495316,0.48
15580,155865.3534860611,0.5
15590,156026.57337379456,0.53
15600,156151.13080215454,0.53
15610,156293.1472170353,0.51
15620,156419.8998568058,0.51
15630,156569.44946455956,0.52
15640,156760.79590272903,0.58
15650,156904.3353381157,0.61
15660,157098.74078941345,0.62
15670,157217.1515493393,0.62
15680,157375.0570142269,0.63
15690,157514.11677527428,0.61
15700,157656.98953676224,0.63
15710,157807.74872279167,0.64
15720,157958.95290780067,0.65
15730,158076.9670305252,0.62
15740,158209.20471167564,0.57
15750,158324.11685872078,0.55
15760,158494.441937685,0.54
15770,158613.89426398277,0.54
15780,158795.76669216156,0.56
15790,158906.89505290985,0.53
15800,159027.20890522003,0.5
15810,159159.7582294941,0.49
15820,159319.65172338486,0.51
15830,159464.4889061451,0.54
15840,159601.37339115143,0.54
15850,159790.96014618874,0.6
15860,159959.4800388813,0.58
15870,160093.394882679,0.58
15880,160219.57677030563,0.54
15890,160330.6770412922,0.54
15900,160503.53370594978,0.59
15910,160653.12461853027,0.6
15920,160794.00472140312,0.58
15930,160956.5966053009,0.59
15940,161074.96974539757,0.57
15950,161187.83209204674,0.5
15960,161341.92143011093,0.5
15970,161489.9116244316,0.53
15980,161595.4117524624,0.52
15990,161723.55186343193,0.53
16000,161879.18572354317,0.51
16010,162026.6330115795,0.51
16020,162211.89097976685,0.53
16030,162356.00737023354,0.52
16040,162491.40950894356,0.53
16050,162637.06363797188,0.56
16060,162785.96669507027,0.56
16070,162904.96966791153,0.52
16080,163079.302018404,0.56
16090,163200.8398141861,0.55
16100,163318.33089876175,0.53
16110,163422.6917681694,0.5
16120,163545.19511818886,0.46
16130,163688.6185543537,0.45
16140,163818.27194786072,0.45
16150,163925.5432794094,0.42
16160,164088.3966844082,0.43
16170,164247.16196799278,0.48
16180,164400.0020055771,0.47
16190,164591.77983760834,0.54
16200,164792.194835186,0.6
16210,164939.79480576515,0.63
16220,165071.5689189434,0.63
16230,165214.31359434128,0.63
16240,165352.09026288986,0.64
16250,165521.299598217,0.68
16260,165672.5054731369,0.67
16270,165877.2479519844,0.69
16280,166021.77768230438,0.68
16290,166176.4638967514,0.64
16300,166326.20457839966,0.6
16310,166456.14210820198,0.58
16320,166586.60363602638,0.58
16330,166710.98124599457,0.57
16340,166851.85934257507,0.57
16350,166958.09411215782,0.53
16360,167105.03048563004,0.52
16370,167247.06735897064,0.48
16380,167381.20950818062,0.48
16390,167513.38936591148,0.47
16400,167658.56056189537,0.47
16410,167858.83311772346,0.54
16420,168004.87362909317,0.57
16430,168121.52624750137,0.57
16440,168299.96204662323,0.6
16450,168496.2005856037,0.66
16460,168674.61001324654,0.69
16470,168846.05609560013,0.7
16480,169004.9360690117,0.72
16490,169159.5631327629,0.73
16500,169337.8136601448,0.76
16510,169490.8327639103,0.71
16520,169650.35699677467,0.71
16530,169758.9502620697,0.7
16540,169926.7796611786,0.7
16550,170132.41781759262,0.7
16560,170360.11489462852,0.73
16570,170498.0427622795,0.7
16580,170666.84648537636,0.71
16590,170818.8977882862,0.72
16600,170959.78160238266,0.68
16610,171166.58408355713,0.72
16620,171326.58950185776,0.72
16630,171452.8563580513,0.74
16640,171562.85987639427,0.69
16650,171671.75766706467,0.63
16660,171823.155772686,0.58
16670,171926.63231515884,0.57
16680,172090.858659029,0.56
16690,172254.44054293633,0.55
16700,172445.44596266747,0.59
16710,172595.3538491726,0.54
16720,172727.55569720268,0.51
16730,172852.98979902267,0.5
16740,173035.09234189987,0.55
16750,173198.33835434914,0.58
16760,173375.24307274818,0.6
16770,173555.82657122612,0.65
16780,173735.91595578194,0.66
16790,173880.4167494774,0.66
16800,174024.15263676643,0.62
16810,174220.30734038353,0.66
16820,174361.68024754524,0.66
16830,174505.63243365288,0.68
16840,174644.38744044304,0.65
16850,174757.51187300682,0.63
16860,174907.82287859917,0.6
16870,175093.52821707726,0.61
16880,175218.7656238079,0.57
16890,175386.98262023926,0.58
16900,175570.44286942482,0.61
16910,175689.44147753716,0.55
16920,175859.46017956734,0.58
16930,176089.82797980309,0.63
16940,176229.3070178032,0.62
16950,176386.91005277634,0.63
16960,176512.5986676216,0.62
16970,176623.77281403542,0.56
16980,176795.18102169037,0.6
16990,176890.53107762337,0.55
17000,177026.69088053703,0.51
17010,177190.82958722115,0.56
17020,177322.00907683372,0.53
17030,177506.72127890587,0.49
17040,177690.46678686142,0.51
17050,177834.41909217834,0.51
17060,177949.12099671364,0.5
17070,178067.53884983063,0.5
17080,178245.37554717064,0.5
17090,178380.00937104225,0.52
17100,178540.52220320702,0.54
17110,178714.43151187897,0.53
17120,178870.596657753,0.55
17130,178987.29864788055,0.51
17140,179150.57392382622,0.51
17150,179308.08257722855,0.52
17160,179435.4309644699,0.53
17170,179625.70888352394,0.59
17180,179756.9292831421,0.55
17190,179915.8738758564,0.57
17200,180049.88477039337,0.55
17210,180191.85037469864,0.53
17220,180370.34953260422,0.55
17230,180506.6605205536,0.57
17240,180648.15405011177,0.55
17250,180779.05994296074,0.54
17260,180958.79525017738,0.58
17270,181076.99562454224,0.52
17280,181258.16728377342,0.56
17290,181424.69557261467,0.57
17300,181567.09075927734,0.58
17310,181750.05930948257,0.6
17320,181926.88621759415,0.59
17330,182043.5807750225,0.57
17340,182176.8350031376,0.57
17350,182332.010024786,0.57
17360,182458.29669380188,0.53
17370,182608.6974723339,0.55
17380,182786.90892267227,0.55
17390,182913.5015628338,0.52
17400,183081.59308695793,0.53
17410,183215.48064303398,0.5
17420,183376.727840662,0.49
17430,183487.10535359383,0.49
17440,183667.3859858513,0.53
17450,183818.2150478363,0.53
17460,183969.0290927887,0.54
17470,184126.81395292282,0.55
17480,184288.3649995327,0.54
17490,184436.86032795906,0.55
17500,184585.2698278427,0.55
17510,184779.77768540382,0.59
17520,184914.17369103432,0.58
17530,185055.51985096931,0.59
17540,185216.54837918282,0.57
17550,185420.5982773304,0.62
17560,185544.94356560707,0.61
17570,185682.33725571632,0.6
17580,185834.09998965263,0.59
17590,185994.15894722939,0.6
17600,186124.5510969162,0.59
17610,186267.9382929802,0.57
17620,186440.58626914024,0.58
17630,186589.20816874504,0.59
17640,186749.88442373276,0.59
17650,186891.6219575405,0.55
17660,187058.56519317627,0.59
17670,187197.9007897377,0.59
17680,187340.4661977291,0.57
17690,187475.94801092148,0.55
17700,187600.41291117668,0.53
17710,187755.25053334236,0.53
17720,187884.17334008217,0.51
17730,188001.51616859436,0.5
17740,188168.82857227325,0.5
17750,188322.6544303894,0.5
17760,188478.9215631485,0.49
17770,188638.57791304588,0.5
17780,188774.23284387589,0.51
17790,188876.83841633797,0.49
17800,189043.35340237617,0.53
17810,189161.35662722588,0.5
17820,189323.0752477646,0.52
17830,189484.6211051941,0.55
17840,189634.75703668594,0.54
17850,189809.13978385925,0.54
17860,189988.69771194458,0.54
17870,190162.9152956009,0.55
17880,190375.82715702057,0.59
17890,190540.47120285034,0.63
17900,190703.98658919334,0.62
17910,190815.64011836052,0.62
17920,190990.58377695084,0.64
17930,191107.30467891693,0.6
17940,191218.04072093964,0.58
17950,191348.8465127945,0.56
17960,191526.74933171272,0.58
17970,191732.7515516281,0.6
17980,191865.82094311714,0.56
17990,192114.25388002396,0.63
18000,192285.04008460045,0.64
18010,192426.42565727234,0.67
18020,192577.4488608837,0.65
18030,192748.13073897362,0.69
18040,192940.8348953724,0.75
18050,193126.36060643196,0.78
18060,193277.124833107,0.74
18070,193427.57004904747,0.7
18080,193590.55333018303,0.71
18090,193697.356259346,0.61
18100,193815.42374634743,0.57
18110,193991.2848687172,0.59
18120,194125.95142769814,0.58
18130,194252.1895120144,0.56
18140,194364.94497656822,0.5
18150,194496.8528664112,0.48
18160,194663.3610239029,0.49
18170,194872.69762945175,0.54
18180,195060.5149128437,0.57
18190,195210.78669452667,0.6
18200,195342.51529026031,0.61
18210,195513.05730557442,0.59
18220,195663.80265331268,0.6
18230,195799.76763129234,0.59
18240,195934.94976258278,0.61
18250,196101.52260923386,0.62
18260,196247.87635064125,0.61
18270,196400.77143120766,0.56
18280,196624.97542762756,0.57
18290,196758.84805631638,0.56
18300,196895.2056376934,0.56
18310,197015.66219854355,0.53
18320,197203.28391098976,0.54
18330,197334.07235121727,0.54
18340,197492.1479830742,0.55
18350,197668.5762066841,0.57
18360,197821.56482458115,0.58
18370,197958.5606894493,0.57
18380,198105.9475402832,0.52
18390,198284.41052031517,0.54
18400,198452.6505393982,0.57
18410,198591.75504159927,0.59
18420,198773.2697713375,0.59
18430,198943.50510668755,0.62
18440,199134.2304201126,0.64
18450,199281.140001297,0.62
18460,199459.88927531242,0.63
18470,199601.2635922432,0.65
18480,199754.9395518303,0.65
18490,199895.5189871788,0.63
18500,200096.6063041687,0.65
18510,200195.36897230148,0.62
18520,200352.95112633705,0.61
18530,200477.42907595634,0.58
18540,200650.3326292038,0.57
18550,200862.41791009903,0.61
18560,201003.74991679192,0.59
18570,201162.94227790833,0.59
18580,201323.287869215,0.6
18590,201461.69946622849,0.61
18600,201593.79304909706,0.56
18610,201703.2128264904,0.57
18620,201900.036757946,0.59
18630,202048.46606349945,0.6
18640,202193.25067830086,0.58
18650,202331.16348958015,0.52
18660,202493.09214138985,0.52
18670,202663.20533800125,0.52
18680,202812.86903452873,0.51
18690,202995.6037478447,0.52
18700,203204.28621816635,0.57
18710,203370.75860142708,0.6
18720,203543.84584093094,0.59
18730,203714.9496114254,0.61
18740,203902.91782927513,0.65
18750,204069.12865400314,0.67
18760,204225.22644853592,0.67
18770,204383.38049936295,0.67
18780,204510.3388812542,0.66
18790,204650.29645323753,0.63
18800,204803.77878451347,0.59
18810,204918.91163659096,0.56
18820,205063.48087453842,0.54
18830,205219.73668384552,0.53
18840,205366.31128287315,0.5
18850,205534.05198216438,0.5
18860,205681.23600053787,0.5
18870,205871.1916308403,0.52
18880,206025.6105275154,0.54
18890,206149.79193854332,0.53
18900,206363.77867245674,0.58
18910,206523.2495880127,0.61
18920,206685.00051379204,0.62
18930,206824.32003235817,0.6
18940,207010.7053527832,0.61
18950,207170.45576429367,0.62
18960,207324.85778427124,0.62
18970,207499.11103725433,0.6
18980,207662.74889540672,0.6
18990,207814.33666563034,0.62
19000,207966.88994836807,0.57
19010,208156.68794965744,0.59
19020,208326.12484669685,0.58
19030,208472.542709589,0.59
19040,208595.0486433506,0.55
19050,208804.9068248272,0.57
19060,209015.35009121895,0.62
19070,209144.74106049538,0.6
19080,209305.06371498108,0.6
19090,209462.81384539604,0.6
19100,209618.68070435524,0.61
19110,209821.72834801674,0.62
19120,209972.4790661335,0.61
19130,210185.17221570015,0.65
19140,210318.48943066597,0.65
19150,210455.40267562866,0.6
19160,210608.08868670464,0.55
19170,210761.19817113876,0.56
19180,210907.26004815102,0.55
19190,211093.09747481346,0.57
19200,211288.3076350689,0.59
19210,211437.93743562698,0.55
19220,211600.02506136894,0.57
19230,211778.7924618721,0.56
19240,212026.3182208538,0.64
19250,212214.49785518646,0.68
19260,212368.83290863037,0.69
19270,212533.25809264183,0.71
19280,212712.3696014881,0.74
19290,212915.06212425232,0.75
19300,213083.54788041115,0.73
19310,213253.56088614464,0.74
19320,213419.77135920525,0.74
19330,213577.42002606392,0.72
19340,213765.82000231743,0.68
19350,213977.04836821556,0.68
19360,214139.69580507278,0.68
19370,214287.4395685196,0.66
19380,214471.17059493065,0.66
19390,214699.20480537415,0.68
19400,214855.6361105442,0.68
19410,215048.68089795113,0.7
19420,215207.1695742607,0.7
19430,215398.16030955315,0.72
19440,215581.16520547867,0.72
19450,215721.93830370903,0.69
19460,215930.1769554615,0.71
19470,216046.87704634666,0.69
19480,216216.12983107567,0.67
19490,216414.6877322197,0.66
19500,216558.05831193924,0.64
19510,216694.2024152279,0.6
19520,216842.30591368675,0.59
19530,216990.35302996635,0.55
19540,217128.06306552887,0.52
19550,217325.99891519547,0.56
19560,217514.79445576668,0.55
19570,217658.1128258705,0.56
19580,217847.86622166634,0.58
19590,217992.1713104248,0.54
19600,218143.72643256187,0.54
19610,218271.97019815445,0.54
19620,218441.89630270004,0.56
19630,218631.3859295845,0.59
19640,218794.79118800163,0.61
19650,218953.75906729698,0.58
19660,219088.91885709763,0.55
19670,219255.3410565853,0.56
19680,219431.17127346992,0.54
19690,219609.84807872772,0.56
19700,219722.41372776031,0.55
19710,219848.40491700172,0.54
19720,219999.6789343357,0.51
19730,220236.425978899,0.55
19740,220369.3184914589,0.52
19750,220536.5967309475,0.53
19760,220670.98544073105,0.52
19770,220807.38145828247,0.5
19780,220955.94824767113,0.49
19790,221134.89307141304,0.49
19800,221335.0176334381,0.55
19810,221482.32010793686,0.57
19820,221635.24995994568,0.57
19830,221787.72749066353,0.51
19840,221919.24268388748,0.52
19850,222073.37287950516,0.5
19860,222252.61999678612,0.53
19870,222412.3002026081,0.55
19880,222564.44207143784,0.54
19890,222715.95783925056,0.51
19900,222933.75840258598,0.52
19910,223122.54108023643,0.54
19920,223299.92219042778,0.57
19930,223484.21169424057,0.58
19940,223742.55429887772,0.67
19950,223933.92999720573,0.69
19960,224100.10415792465,0.69
19970,224290.63097333908,0.71
19980,224477.58843255043,0.75
19990,224668.57896876335,0.8
20000,224852.53215003014,0.77
20010,225014.81129050255,0.75
20020,225209.76287722588,0.77
20030,225384.53803801537,0.77
20040,225542.93777775764,0.69
20050,225688.04049825668,0.67
20060,225845.92994523048,0.66
20070,225998.9567065239,0.64
20080,226146.31664705276,0.6
20090,226338.3247935772,0.6
20100,226488.5260667801,0.58
20110,226676.70884394646,0.6
20120,226851.80968260765,0.58
20130,227016.4011490345,0.58
20140,227165.6163134575,0.57
20150,227354.32400727272,0.6
20160,227530.6358075142,0.62
20170,227691.8791911602,0.62
20180,227875.88360023499,0.64
20190,228047.82058095932,0.6
20200,228236.7730126381,0.61
20210,228390.16645789146,0.59
20220,228574.22299146652,0.6
20230,228813.3676970005,0.64
20240,228937.77528500557,0.63
20250,229131.89472961426,0.62
20260,229304.99154782295,0.61
20270,229467.04939055443,0.61
20280,229664.9476966858,0.64
20290,229892.07043361664,0.69
20300,230051.26184630394,0.68
20310,230274.62645864487,0.73
20320,230453.4929921627,0.72
20330,230628.37882637978,0.68
20340,230777.70824980736,0.7
20350,230957.04608535767,0.69
20360,231136.94175863266,0.7
20370,231334.43272686005,0.72
20380,231520.599807024,0.7
20390,231681.42376565933,0.65
20400,231854.99388980865,0.67
20410,232036.7687675953,0.63
20420,232217.93884778023,0.63
20430,232438.92292809486,0.67
20440,232618.79015898705,0.68
20450,232789.79154491425,0.68
20460,232947.43860721588,0.66
20470,233118.51674962044,0.66
20480,233288.7577137947,0.64
20490,233483.32413983345,0.66
20500,233646.45394158363,0.65
20510,233792.236723423,0.63
20520,233992.02685284615,0.63
20530,234165.50888371468,0.58
20540,234284.48894238472,0.54
20550,234462.3647582531,0.54
20560,234609.62793898582,0.53
20570,234763.39102220535,0.5
20580,234942.471462965,0.52
20590,235135.22897720337,0.52
20600,235305.65989613533,0.52
20610,235552.7876560688,0.58
20620,235696.5120549202,0.55
20630,235849.67768907547,0.55
20640,236012.2288851738,0.58
20650,236177.14389777184,0.57
20660,236359.96218442917,0.59
20670,236546.638163805,0.62
20680,236686.36640191078,0.59
20690,236893.23413181305,0.6
20700,237161.0420308113,0.65
20710,237329.51566672325,0.61
20720,237489.75070238113,0.62
20730,237630.2070479393,0.62
20740,237767.8601720333,0.6
20750,237933.70565080643,0.6
20760,238146.98201060295,0.62
20770,238314.8330566883,0.61
20780,238457.66081261635,0.61
20790,238651.84655570984,0.6
20800,238826.65566039085,0.55
20810,238999.46287441254,0.56
20820,239165.49188280106,0.56
20830,239449.12098789215,0.64
20840,239691.09455633163,0.71
20850,239887.6652572155,0.73
20860,240040.39737558365,0.7
20870,240259.36786198616,0.72
20880,240471.4553296566,0.77
20890,240680.43737840652,0.79
20900,240824.1270608902,0.78
20910,241021.23627185822,0.78
20920,241177.25384998322,0.77
20930,241375.79590892792,0.72
20940,241590.08677887917,0.71
20950,241755.97277522087,0.7
20960,241966.62950992584,0.74
20970,242137.67284846306,0.72
20980,242311.05619812012,0.69
20990,242465.3899860382,0.65
21000,242650.29122567177,0.67
21010,242798.36727023125,0.65
21020,243006.62623262405,0.69
21030,243225.79800462723,0.7
21040,243397.7800438404,0.67
21050,243607.83232593536,0.72
21060,243808.02362179756,0.7
21070,243966.45739746094,0.69
21080,244181.28719377518,0.71
21090,244351.22082424164,0.72
21100,244496.1132452488,0.7
21110,244643.47580480576,0.69
21120,244850.35803318024,0.69
21130,245037.69419765472,0.68
21140,245256.455616951,0.71
21150,245420.50367474556,0.65
21160,245587.1683166027,0.63
21170,245835.61561059952,0.68
21180,245995.1220316887,0.65
21190,246160.8898730278,0.65
21200,246319.33121967316,0.65
21210,246490.45410776138,0.67
21220,246660.3049325943,0.64
21230,246781.42308545113,0.58
21240,247000.06437921524,0.58
21250,247181.28226161003,0.6
21260,247326.20819592476,0.59
21270,247512.2825064659,0.57
21280,247681.34923791885,0.57
21290,247878.26339745522,0.58
21300,248033.15982961655,0.57
21310,248128.16268968582,0.52
21320,248327.95763397217,0.55
21330,248550.90460300446,0.62
21340,248783.9956715107,0.63
21350,248988.65396761894,0.64
21360,249200.9365055561,0.68
21370,249381.91103315353,0.66
21380,249587.22422385216,0.7
21390,249775.86390590668,0.69
21400,249947.4840619564,0.71
21410,250138.41294646263,0.77
21420,250345.93161320686,0.77
21430,250510.03607606888,0.73
21440,250657.8192756176,0.67
21450,250896.66948223114,0.69
21460,251058.33318901062,0.66
21470,251225.04948496819,0.66
21480,251428.7661743164,0.65
21490,251611.3718369007,0.66
21500,251840.15271234512,0.7
21510,252005.52411532402,0.69
21520,252190.54877901077,0.68
21530,252363.2440891266,0.68
21540,252561.88698482513,0.71
21550,252773.38972759247,0.69
21560,252959.4989657402,0.72
21570,253143.0140595436,0.73
21580,253343.4501197338,0.72
21590,253484.5466120243,0.69
21600,253719.7789566517,0.68
21610,253922.14788532257,0.7
21620,254119.67376089096,0.71
21630,254310.52463650703,0.72
21640,254516.33231925964,0.74
21650,254709.6537027359,0.73
21660,254929.58090496063,0.74
21670,255095.5915338993,0.73
21680,255368.16991376877,0.8
21690,255618.08435869217,0.88
21700,255854.47293424606,0.89
21710,256118.16055226326,0.92
21720,256287.21622896194,0.9
21730,256504.02588558197,0.93
21740,256689.7754061222,0.91
21750,256861.27221131325,0.89
21760,257057.4244260788,0.87
21770,257268.41152739525,0.89
21780,257459.82103300095,0.82
21790,257677.70603704453,0.79
21800,257889.6271083355,0.77
21810,258065.7718884945,0.74
21820,258237.15771484375,0.74
21830,258468.18784093857,0.74
21840,258673.18199920654,0.75
21850,258862.48670434952,0.77
21860,259128.37392401695,0.81
21870,259332.57783913612,0.81
21880,259498.5758817196,0.8
21890,259678.25292634964,0.78
21900,259902.8862748146,0.8
21910,260116.0038537979,0.81
21920,260328.96578383446,0.84
21930,260561.96265411377,0.84
21940,260756.74310660362,0.83
21950,260937.51318526268,0.83
21960,261155.70009112358,0.81
21970,261338.2900674343,0.8
21980,261487.80715584755,0.79
21990,261695.22093439102,0.8
22000,261881.2364730835,0.77
22010,262087.3718266487,0.76
22020,262264.6630163193,0.73
22030,262509.507846117,0.75
22040,262717.97551965714,0.76
22050,262969.80426096916,0.8
22060,263163.8436434269,0.78
22070,263383.1767208576,0.81
22080,263537.9610748291,0.8
22090,263797.1534922123,0.83
22100,263972.7648012638,0.82
22110,264153.1446518898,0.81
22120,264347.01680088043,0.82
22130,264512.47605228424,0.76
22140,264730.37713980675,0.77
22150,264943.7809000015,0.74
22160,265158.1869163513,0.75
22170,265395.7991094589,0.75
22180,265597.0561313629,0.77
22190,265768.7824664116,0.72
22200,265996.9569454193,0.76
22210,266266.35820150375,0.81
22220,266418.5695204735,0.78
22230,266622.5670726299,0.8
22240,266789.67483592033,0.76
22250,266983.3420782089,0.75
22260,267195.66599440575,0.75
22270,267361.3543393612,0.71
22280,267625.71117806435,0.76
22290,267805.6078734398,0.75
22300,268005.8849952221,0.72
22310,268278.8194284439,0.71
22320,268496.33719086647,0.76
22330,268702.651761055,0.76
22340,268955.56685209274,0.83
22350,269223.8232758045,0.87
22360,269427.7102227211,0.86
22370,269680.4248392582,0.9
22380,269863.6555092335,0.86
22390,270125.9263601303,0.94
22400,270317.1150496006,0.94
22410,270540.84877085686,0.92
22420,270827.9233827591,0.95
22430,271045.4476327896,0.95
22440,271254.1673614979,0.91
22450,271430.7288258076,0.86
22460,271634.0559351444,0.86
22470,271851.60004782677,0.86
22480,272082.15479803085,0.88
22490,272304.59728240967,0.83
22500,272475.61365890503,0.82
22510,272752.38320708275,0.84
22520,272983.93349790573,0.81
22530,273180.36552119255,0.81
22540,273324.8716580868,0.77
22550,273482.0081412792,0.75
22560,273703.14885759354,0.77
22570,273941.9668967724,0.76
22580,274154.9325504303,0.76
22590,274398.76498031616,0.8
22600,274615.58418416977,0.83
22610,274806.6988248825,0.79
22620,275056.4783089161,0.8
22630,275268.8303399086,0.8
22640,275421.966575861,0.81
22650,275612.40688848495,0.84
22660,275811.2238192558,0.82
22670,276054.6901612282,0.82
22680,276275.1998281479,0.82
22690,276465.5171031952,0.78
22700,276620.52716755867,0.74
22710,276771.294246912,0.72
22720,276990.0610458851,0.71
22730,277239.3308880329,0.75
22740,277443.4984176159,0.77
22750,277651.5719153881,0.79
22760,277887.94579195976,0.81
22770,278125.1357038021,0.81
22780,278301.6390604973,0.79
22790,278511.4519071579,0.79
22800,278746.524641037,0.83
22810,278934.3649237156,0.84
22820,279187.0560801029,0.86
22830,279417.3117351532,0.84
22840,279647.81923794746,0.86
22850,279861.80575704575,0.86
22860,280031.5555305481,0.83
22870,280229.79291176796,0.81
22880,280369.2631635666,0.77
22890,280506.3179397583,0.72
22900,280685.035061121,0.69
22910,280861.6327030659,0.69
22920,281042.9039335251,0.64
22930,281209.4561481476,0.6
22940,281408.1625161171,0.58
22950,281606.7210474014,0.56
22960,281883.65327501297,0.6
22970,282144.6669099331,0.63
22980,282295.4335882664,0.64
22990,282508.60351777077,0.7
23000,282721.5382268429,0.72
23010,282893.71605181694,0.72
23020,283113.64389300346,0.74
23030,283326.0750949383,0.77
23040,283501.94313144684,0.76
23050,283740.7608141899,0.78
23060,283952.2129957676,0.76
23070,284118.2985610962,0.72
23080,284327.8639919758,0.76
23090,284603.8549668789,0.79
23100,284789.9926748276,0.77
23110,284984.66785287857,0.78
23120,285209.9540655613,0.79
23130,285420.1958298683,0.78
23140,285618.3361515999,0.78
23150,285876.27483057976,0.8
23160,286043.019872427,0.76
23170,286229.5567185879,0.77
23180,286419.2883248329,0.75
23190,286577.0309216976,0.67
23200,286859.1670384407,0.73
23210,287132.8699352741,0.78
23220,287429.2269334793,0.8
23230,287677.6201183796,0.82
23240,287889.69562745094,0.84
23250,288047.9478170872,0.78
23260,288230.7360880375,0.8
23270,288442.5488791466,0.82
23280,288641.38548874855,0.82
23290,288912.97076416016,0.9
23300,289129.8661842346,0.86
23310,289392.04264068604,0.84
23320,289680.5358915329,0.85
23330,289902.7366845608,0.84
23340,290033.95476675034,0.78
23350,290305.4532010555,0.84
23360,290521.91169810295,0.87
23370,290727.3962550163,0.85
23380,290951.2015552521,0.88
23390,291220.22284531593,0.86
23400,291464.74399232864,0.88
23410,291620.8362798691,0.83
23420,291759.6540546417,0.74
23430,291981.67842268944,0.74
23440,292238.82166314125,0.82
23450,292388.3077890873,0.76
23460,292570.5751364231,0.73
23470,292763.47019028664,0.72
23480,292983.23624777794,0.7
23490,293285.0475745201,0.74
23500,293513.711977005,0.73
23510,293716.7376320362,0.76
23520,293880.53645038605,0.79
23530,294080.7375636101,0.78
23540,294299.80083251,0.76
23550,294506.56824970245,0.78
23560,294720.29873132706,0.78
23570,294993.63163638115,0.82
23580,295197.4920105934,0.82
23590,295426.5314319134,0.77
23600,295644.0255227089,0.75
23610,295846.22754240036,0.74
23620,296041.1957051754,0.75
23630,296241.19207906723,0.74
23640,296447.071829319,0.73
23650,296689.2482149601,0.76
23660,296909.87015271187,0.78
23670,297143.5028550625,0.76
23680,297314.0042145252,0.75
23690,297547.09353017807,0.73
23700,297748.8468647003,0.72
23710,297939.3060450554,0.72
23720,298092.6045870781,0.69
23730,298248.487803936,0.67
23740,298432.23907613754,0.67
23750,298698.2373342514,0.69
23760,298839.3074657917,0.64
23770,299089.0218222141,0.66
23780,299291.63472414017,0.66
23790,299512.8691945076,0.67
23800,299725.0290248394,0.7
23810,299971.9183766842,0.73
23820,300203.3516187668,0.77
23830,300423.1071331501,0.8
23840,300717.49799990654,0.86
23850,300920.4249122143,0.81
23860,301090.4161324501,0.84
23870,301333.04021430016,0.83
23880,301486.61647057533,0.81
23890,301665.755774498,0.79
23900,301852.3511915207,0.76
23910,302120.0348522663,0.76
23920,302341.154989481,0.77
23930,302517.1322314739,0.76
23940,302719.372743845,0.69
23950,302953.0333600044,0.7
23960,303128.1601574421,0.7
23970,303280.8000922203,0.65
23980,303501.83134913445,0.68
23990,303821.7047584057,0.78
24000,304043.4861896038,0.8
24010,304254.485006094,0.78
24020,304463.5591762066,0.78
24030,304648.34298563004,0.78
24040,304886.72702789307,0.81
24050,305127.8480746746,0.82
24060,305390.0155336857,0.87
24070,305701.95606565475,0.98
24080,305917.09758639336,0.99
24090,306259.6318976879,0.98
24100,306447.9738621712,0.96
24110,306743.0841908455,1.0
24120,306931.89911293983,0.96
24130,307101.81801891327,0.96
24140,307388.1088283062,1.0
24150,307563.0861029625,0.96
24160,307806.4995970726,0.95
24170,308069.86684060097,0.9
24180,308290.1537282467,0.9
24190,308535.7588636875,0.84
24200,308888.5679934025,0.94
24210,309115.8539338112,0.91
24220,309345.6271288395,0.96
24230,309619.2836549282,1.0
24240,309803.0816013813,0.93
24250,310044.08867025375,0.97
24260,310247.21613907814,0.96
24270,310421.9176518917,0.91
24280,310629.5905048847,0.91
24290,310889.20970368385,0.92
24300,311143.779027462,0.86
24310,311357.8156232834,0.85
24320,311598.6444337368,0.85
24330,311817.78277635574,0.82
24340,312052.42954421043,0.86
24350,312254.242824316,0.83
24360,312451.79278588295,0.81
24370,312657.54225349426,0.83
24380,312854.50559568405,0.81
24390,313089.6575715542,0.79
24400,313309.675750494,0.77
24410,313584.04789566994,0.8
24420,313808.3572320938,0.78
24430,314014.7534315586,0.78
24440,314286.42867803574,0.78
24450,314567.3499927521,0.83
24460,314735.3055603504,0.81
24470,314899.8057601452,0.79
24480,315203.27077937126,0.86
24490,315438.99206995964,0.87
24500,315639.90799856186,0.86
24510,315843.64261078835,0.81
24520,316112.2324388027,0.85
24530,316368.49593377113,0.89
24540,316520.46776247025,0.84
24550,316687.5239379406,0.78
24560,316963.8275272846,0.84
24570,317191.62918257713,0.89
24580,317472.2398853302,0.87
24590,317743.67187547684,0.89
24600,317958.94742941856,0.91
24610,318216.7541563511,0.94
24620,318428.03371453285,0.9
24630,318635.89184069633,0.86
24640,318903.5856640339,0.91
24650,319215.03686857224,0.98
24660,319459.65681529045,0.97
24670,319806.8438026905,1.03
24680,320061.55764603615,1.02
24690,320269.124812603,0.98
24700,320514.87695240974,0.99
24710,320706.2418780327,0.97
24720,320975.7680718899,0.99
24730,321318.68001127243,1.07
24740,321617.2739274502,1.11
24750,321873.6896915436,1.09
24760,322120.11169958115,1.09
24770,322339.52734804153,1.01
24780,322571.7412097454,1.0
24790,322824.8084540367,1.03
24800,323134.07673478127,1.06
24810,323320.0328614712,1.06
24820,323556.7418856621,1.05
24830,323826.59307932854,1.02
24840,324072.624843359,0.96
24850,324248.04969739914,0.91
24860,324486.77676200867,0.9
24870,324752.42698431015,0.92
24880,324965.5422244072,0.91
24890,325259.9469087124,0.94
24900,325486.9676053524,0.89
24910,325774.0272035599,0.93
24920,326041.55173254013,0.94
24930,326261.48839855194,0.9
24940,326436.6504895687,0.88
24950,326760.05282974243,0.96
24960,327075.94019913673,0.99
24970,327349.06922483444,0.99
24980,327756.6158015728,1.07
24990,328009.88001966476,1.04
25000,328259.0303134918,1.06
25010,328500.25070905685,1.03
25020,328797.5486996174,1.04
25030,329013.6507127285,1.04
25040,329269.84081816673,1.07
25050,329490.33305358887,1.04
25060,329778.8405356407,1.03
25070,329972.73871040344,0.99
25080,330251.80573391914,0.96
25090,330524.83478689194,0.97
25100,330810.0007710457,0.98
25110,331067.89834332466,1.01
25120,331284.23147296906,0.98
25130,331536.45013570786,1.0
25140,331818.58024454117,1.02
25150,332026.3640112877,1.0
25160,332284.66813349724,1.01
25170,332560.62671256065,1.06
25180,332787.131462574,1.01
25190,333027.87604260445,0.98
25200,333243.1916818619,0.95
25210,333483.8542342186,0.93
25220,333693.57600188255,0.92
25230,333931.9475784302,0.9
25240,334206.1791071892,0.9
25250,334437.9285786152,0.91
25260,334732.0244529247,0.9
25270,335011.2125210762,0.9
25280,335198.20705127716,0.89
25290,335424.5600860119,0.89
25300,335627.6345436573,0.88
25310,335936.10663437843,0.91
25320,336126.45481848717,0.9
25330,336330.4459927082,0.89
25340,336529.679731369,0.84
25350,336801.1907906532,0.85
25360,337010.339710474,0.82
25370,337287.21365761757,0.82
25380,337520.4706401825,0.84
25390,337785.79304528236,0.87
25400,338036.82684874535,0.89
25410,338301.92577290535,0.89
25420,338457.9197974205,0.87
25430,338657.8846349716,0.87
25440,338980.22920274734,0.94
25450,339169.0698103905,0.91
25460,339436.5665652752,0.93
25470,339667.9046485424,0.9
25480,339855.0539903641,0.86
25490,340162.9638082981,0.87
25500,340424.244658947,0.88
25510,340670.53337597847,0.86
25520,340893.509619236,0.91
25530,341172.30972123146,0.94
25540,341400.04083418846,0.89
25550,341692.5718111992,0.93
25560,341941.9493751526,0.92
25570,342216.3474442959,0.94
25580,342476.8290011883,0.99
25590,342779.12763929367,1.01
25600,343035.88848400116,1.02
25610,343338.51694989204,1.05
25620,343577.7510089874,1.05
25630,343859.1794793606,1.06
25640,344196.97983026505,1.11
25650,344490.0615949631,1.11
25660,344735.818952322,1.11
25670,345078.6351120472,1.16
25680,345323.92120075226,1.17
25690,345613.9449608326,1.15
25700,345895.3438489437,1.14
25710,346222.6250655651,1.15
25720,346459.18465542793,1.15
25730,346829.07820010185,1.21
25740,347081.6246495247,1.17
25750,347352.1648800373,1.17
25760,347540.18518805504,1.15
25770,347820.9591639042,1.11
25780,348060.43163609505,1.09
25790,348305.37278079987,1.06
25800,348529.1274163723,1.04
25810,348829.28674411774,1.02
25820,349010.78491926193,0.98
25830,349332.805049181,0.95
25840,349638.42051386833,0.99
25850,349912.68812942505,0.98
25860,350192.62184643745,1.02
25870,350435.67713212967,1.0
25880,350676.3646197319,1.0
25890,350888.3039712906,0.98
25900,351177.84910702705,1.02
25910,351549.85968208313,1.07
25920,351809.9390015602,1.14
25930,352166.0380601883,1.16
25940,352549.7626461983,1.21
25950,352798.89445209503,1.21
25960,353065.9608786106,1.21
25970,353332.6092376709,1.23
25980,353645.7066178322,1.27
25990,353875.79867458344,1.28
26000,354138.73929190636,1.27
26010,354406.2370285988,1.21
26020,354585.87094807625,1.15
26030,354831.17616963387,1.1
26040,355092.3963057995,1.01
26050,355291.1131429672,0.98
26060,355504.1101181507,0.94
26070,355731.83759737015,0.92
26080,355910.5739619732,0.85
26090,356127.1675710678,0.86
26100,356386.3534543514,0.86
26110,356645.0118505955,0.86
26120,356905.3316562176,0.91
26130,357162.17354631424,0.9
26140,357511.91618061066,0.97
26150,357808.7455370426,1.03
26160,358209.18310141563,1.15
26170,358500.5696437359,1.18
26180,358678.4549808502,1.18
26190,358994.1003854275,1.23
26200,359329.6869802475,1.24
26210,359555.9787902832,1.21
26220,359769.0386376381,1.18
26230,360064.79234933853,1.21
26240,360304.8942911625,1.14
26250,360575.82447624207,1.12
26260,360843.2271270752,1.03
26270,361071.24166226387,0.98
26280,361351.00697016716,1.05
26290,361533.30423378944,0.97
26300,361708.4774057865,0.91
26310,361992.0802066326,0.94
26320,362215.0554430485,0.95
26330,362464.3851363659,0.91
26340,362707.910793066,0.92
26350,362964.06185245514,0.9
26360,363250.748847723,0.9
26370,363484.68032598495,0.91
26380,363767.15661787987,0.88
26390,364154.2008740902,1.0
26400,364392.5429646969,1.03
26410,364606.17150974274,0.99
26420,364834.2776603699,0.99
26430,365166.0265238285,1.03
26440,365442.03126072884,1.05
26450,365792.9539835453,1.11
26460,366122.2635266781,1.13
26470,366391.89733052254,1.16
26480,366678.6841723919,1.16
26490,366919.3507153988,1.07
26500,367109.6130094528,1.04
26510,367367.80240345,1.06
26520,367602.70301032066,1.06
26530,367840.68363571167,1.01
26540,368106.0041258335,0.99
26550,368459.40427184105,0.97
26560,368750.436709404,0.96
26570,368997.0475232601,0.93
26580,369307.5112218857,0.96
26590,369583.82203650475,0.97
26600,369779.18566298485,0.97
26610,370062.0451579094,0.99
26620,370363.8004858494,1.01
26630,370714.1081688404,1.06
26640,371013.3598687649,1.09
26650,371274.0195159912,1.06
26660,371521.4789676666,1.03
26670,371791.92792773247,1.04
26680,372117.9352955818,1.04
26690,372413.54692697525,1.05
26700,372634.3864233494,1.06
26710,372971.6969490051,1.09
26720,373208.01702284813,1.06
26730,373531.73354792595,1.06
26740,373794.801851511,1.03
26750,374155.37669444084,1.08
26760,374543.1257083416,1.17
26770,374848.482070446,1.21
26780,375102.965034008,1.17
26790,375331.5043475628,1.14
26800,375649.7946460247,1.2
26810,375831.8345990181,1.12
26820,376107.38870978355,1.15
26830,376427.1215441227,1.17
26840,376672.7973821163,1.17
26850,376967.7251381874,1.14
26860,377254.6665670872,1.08
26870,377597.5165088177,1.08
26880,377851.10551953316,1.08
26890,378080.8192000389,1.08
26900,378335.9541563988,1.04
26910,378710.87068223953,1.15
26920,379054.7015390396,1.17
26930,379364.608754158,1.15
26940,379738.6656577587,1.2
26950,379988.0685145855,1.19
26960,380312.2595794201,1.21
26970,380619.3842821121,1.22
26980,380974.26144075394,1.29
26990,381320.7024896145,1.35
27000,381563.7240848541,1.36
27010,381784.9678838253,1.27
27020,382171.3449957371,1.31
27030,382500.2418143749,1.3
27040,382896.7684533596,1.32
27050,383244.4631409645,1.36
27060,383519.765550375,1.35
27070,383827.87127399445,1.32
27080,384085.48089790344,1.26
27090,384400.44089889526,1.24
27100,384646.0356786251,1.24
27110,384961.1740987301,1.29
27120,385203.86948919296,1.2
27130,385449.34541487694,1.17
27140,385765.8414773941,1.15
27150,386049.4579093456,1.12
27160,386332.0104999542,1.11
27170,386588.4177248478,1.1
27180,386919.58700847626,1.15
27190,387224.09582042694,1.16
27200,387527.98807668686,1.17
27210,387831.77289652824,1.16
27220,388163.01067352295,1.22
27230,388449.59103798866,1.25
27240,388819.0383012295,1.24
27250,389070.9006886482,1.22
27260,389436.3458402157,1.28
27270,389650.54610157013,1.25
27280,389928.23076844215,1.22
27290,390201.15696668625,1.2
27300,390495.067142725,1.21
27310,390794.94824266434,1.23
27320,391072.17939043045,1.21
27330,391345.7158999443,1.19
27340,391584.6716389656,1.12
27350,391834.5503821373,1.12
27360,392054.79462218285,1.03
27370,392368.66399002075,1.1
27380,392618.77985429764,1.06
27390,392983.4156341553,1.12
27400,393289.09812140465,1.12
27410,393619.4167304039,1.12
27420,393851.60604834557,1.09
27430,394184.5416061878,1.14
27440,394435.9119031429,1.16
27450,394690.4924132824,1.16
27460,394996.50656175613,1.21
27470,395193.4189796448,1.14
27480,395548.57738137245,1.21
27490,395876.2488923073,1.18
27500,396175.2088816166,1.19
